The Collection Interval for this data is: 15 minutes
 309.519 
 309.848 
 308.951 
 308.704 
 309.319 
 308.99 
 309.676 
 309.633 
 308.967 
 309.068 
 308.767 
 309.3 
 310.005 
 308.904 
 309.758 
 308.782 
 308.904 
 308.935 
 308.763 
 308.857 
 308.732 
 309.445 
 309.629 
 309.503 
 310.04 
 309.19 
 308.822 
 308.994 
 310.075 
 308.892 
 308.9 
 308.61 
 309.452 
 309.503 
 308.782 
 308.653 
 308.724 
 308.892 
 308.7 
 308.963 
 308.967 
 309.178 
 309.593 
 309.245 
 309.01 
 308.696 
 309.844 
 309.519 
 309.738 
 309.159 
 309.719 
 309.159 
 308.728 
 309.734 
 309.3 
 309.539 
 309.068 
 309.296 
 310.016 
 309.997 
 309.319 
 309.691 
 308.876 
 309.758 
 309.229 
 309.045 
 309.766 
 309.652 
 309.413 
 308.904 
 309.887 
 309.115 
 309.292 
 308.735 
 308.602 
 308.79 
 309.284 
 309.092 
 308.802 
 309.813 
 309.476 
 309.973 
 309.151 
 309.061 
 309.977 
 309.801 
 308.861 
 309.1 
 309.684 
 309.75 
 309.903 
 309.597 
 309.151 
 309.445 
 310.075 
 308.861 
 309.139 
 309.48 
 309.253 
 310.177 
 309.253 
 309.053 
 309.025 
 308.908 
 309.433 
 309.605 
 308.641 
 309.836 
 308.818 
 309.162 
 309.535 
 309.539 
 309.135 
 310.255 
 309.907 
 309.656 
 308.853 
 309.864 
 309.562 
 309.409 
 309.495 
 308.916 
 308.649 
 309.472 
 309.911 
 309.492 
 309.48 
 308.955 
 309.66 
 309.139 
 308.861 
 308.857 
 309.347 
 309.037 
 309.625 
 309.327 
 308.606 
 309.546 
 309.323 
 309.358 
 308.951 
 309.57 
 309.542 
 309.59 
 309.488 
 308.888 
 309.08 
 308.657 
 308.677 
 308.602 
 308.763 
 308.814 
 308.931 
 309.875 
 309.68 
 309.527 
 309.143 
 308.845 
 308.716 
 309.825 
 309.488 
 308.896 
 309.433 
 309.206 
 309.147 
 309.296 
 308.884 
 309.472 
 309.268 
 309.523 
 309.562 
 309.37 
 308.743 
 309.021 
 309.785 
 310.016 
 308.802 
 309.213 
 309.774 
 310.02 
 309.707 
 308.735 
 309.676 
 308.861 
 308.732 
 309.425 
 309.335 
 310.06 
 308.951 
 309.061 
 309.358 
 309.593 
 309.915 
 308.767 
 309.813 
 309.08 
 308.818 
 308.802 
 308.845 
 308.316 
 308.81 
 308.884 
 310.064 
 309.292 
 309.774 
 308.943 
 309.711 
 309.358 
 308.963 
 308.908 
 309.789 
 308.947 
 309.801 
 309.676 
 309.378 
 308.822 
 308.685 
 309.938 
 308.943 
 309.065 
 308.974 
 308.912 
 308.622 
 308.974 
 309.93 
 308.798 
 309.159 
 308.837 
 309.241 
 309.311 
 308.963 
 309.539 
 309.754 
 309.448 
 308.826 
 309.883 
 309.734 
 308.743 
 309.143 
 309.1 
 310.044 
 309.817 
 308.614 
 309.797 
 309.907 
 309.135 
 309.292 
 309.86 
 309.194 
 308.947 
 308.7 
 309.844 
 309.672 
 309.194 
 309.241 
 309.178 
 309.405 
 309.868 
 308.99 
 309.123 
 308.602 
 309.245 
 310.02 
 309.131 
 309.664 
 310.134 
 309.973 
 309.832 
 309.249 
 308.939 
 308.794 
 309.997 
 308.998 
 310.016 
 309.766 
 309.523 
 309.684 
 309.335 
 309.166 
 309.084 
 308.884 
 309.86 
 309.433 
 308.692 
 309.879 
 309.198 
 308.931 
 308.888 
 309.75 
 308.618 
 309.899 
 309.112 
 308.681 
 308.978 
 308.978 
 309.072 
 309.676 
 308.61 
 309.77 
 308.884 
 308.873 
 309.879 
 309.574 
 308.751 
 309.797 
 308.908 
 309.707 
 309.245 
 308.955 
 308.884 
 309.155 
 309.922 
 309.625 
 309.821 
 308.892 
 308.673 
 308.99 
 309.879 
 309.531 
 308.849 
 309.852 
 309.354 
 308.974 
 309.186 
 309.26 
 309.785 
 309.045 
 309.515 
 309.241 
 309.198 
 309.456 
 309.758 
 308.916 
 309.033 
 309.997 
 309.613 
 308.998 
 309.217 
 309.26 
 309.503 
 308.802 
 309.535 
 309.276 
 309.296 
 308.681 
 309.17 
 310.099 
 309.711 
 309.292 
 308.982 
 310.377 
 309.828 
 309.112 
 309.699 
 310.138 
 309.597 
 309.202 
 310.42 
 309.946 
 308.955 
 309.46 
 309.942 
 309.75 
 309.108 
 309.828 
 308.814 
 309.033 
 308.806 
 309.711 
 308.653 
 309.131 
 308.924 
 309.875 
 309.448 
 308.998 
 309.734 
 309.68 
 308.892 
 309.523 
 309.852 
 309.147 
 308.99 
 309.852 
 309.241 
 308.935 
 309.021 
 310.056 
 310.757 
 308.222 
 310.048 
 310.114 
 307.921 
 307.721 
 307.572 
 308.43 
 307.811 
 307.364 
 307.737 
 308.477 
 308.211 
 308.089 
 308.336 
 308.011 
 307.85 
 308.7 
 309.01 
 308.837 
 307.936 
 307.635 
 308.649 
 307.74 
 308.367 
 308.414 
 307.748 
 308.724 
 308.418 
 307.968 
 307.999 
 307.498 
 308.943 
 307.674 
 307.517 
 308.156 
 307.744 
 308.132 
 308.79 
 308.144 
 308.841 
 307.795 
 307.454 
 308.649 
 309.304 
 308.9 
 307.505 
 308.128 
 309.025 
 309.558 
 307.541 
 310.107 
 308.841 
 307.592 
 309.852 
 310.001 
 309.182 
 309.754 
 307.548 
 308.395 
 307.427 
 309.331 
 308.355 
 308.982 
 307.094 
 307.423 
 310.279 
 308.692 
 308.716 
 307.874 
 308.532 
 308.845 
 308.453 
 308.912 
 307.658 
 307.987 
 308.434 
 308.614 
 310.295 
 308.982 
 308.328 
 307.513 
 307.552 
 307.968 
 307.509 
 308.128 
 307.039 
 307.337 
 307.733 
 307.619 
 308.751 
 307.537 
 307.584 
 308.591 
 306.514 
 308.207 
 307.494 
 308.79 
 308.453 
 307.27 
 307.603 
 307.936 
 308.203 
 307.944 
 308.12 
 307.325 
 307.435 
 307.411 
 307.595 
 308.45 
 307.678 
 308.665 
 307.454 
 308.489 
 308.226 
 307.427 
 307.682 
 307.662 
 307.341 
 307.564 
 307.451 
 307.537 
 307.231 
 307.643 
 308.641 
 308.924 
 307.302 
 307.611 
 307.74 
 308.453 
 307.372 
 308.261 
 307.435 
 308.403 
 307.486 
 307.501 
 307.658 
 307.545 
 307.733 
 308.171 
 308.301 
 307.521 
 308.512 
 307.682 
 308.622 
 307.521 
 308.085 
 307.76 
 307.639 
 307.466 
 308.888 
 308.136 
 307.58 
 307.697 
 308.218 
 308.735 
 307.427 
 308.05 
 307.404 
 307.697 
 307.325 
 307.623 
 308.638 
 307.357 
 309.433 
 307.454 
 306.8 
 306.694 
 307.396 
 307.838 
 306.577 
 308.571 
 308.861 
 308.336 
 307.462 
 307.341 
 306.091 
 307.49 
 308.837 
 308.324 
 307.074 
 306.036 
 306.765 
 306.471 
 307.09 
 307.584 
 308.924 
 306.922 
 307.643 
 307.635 
 307.071 
 308.83 
 307.454 
 307.678 
 307.341 
 309.237 
 308.594 
 307.631 
 307.592 
 307.991 
 307.521 
 307.474 
 307.325 
 307.545 
 307.619 
 308.446 
 308.191 
 308.203 
 307.521 
 307.795 
 307.251 
 307.643 
 308.387 
 307.259 
 307.407 
 308.293 
 308.641 
 307.819 
 307.537 
 308.504 
 308.99 
 308.986 
 307.404 
 307.219 
 308.496 
 307.525 
 308.226 
 308.638 
 307.588 
 308.375 
 307.568 
 307.364 
 307.603 
 308.285 
 307.309 
 308.45 
 307.462 
 307.486 
 308.195 
 307.49 
 308.195 
 307.419 
 308.308 
 307.85 
 307.823 
 307.697 
 307.748 
 307.666 
 308.403 
 307.772 
 307.357 
 307.56 
 308.516 
 308.755 
 307.76 
 307.595 
 307.678 
 308.332 
 307.623 
 307.431 
 307.662 
 308.003 
 308.395 
 307.643 
 307.541 
 307.427 
 307.274 
 307.928 
 307.619 
 307.333 
 308.285 
 307 
 307.944 
 307.443 
 307.121 
 307.407 
 308.046 
 307.419 
 307.427 
 307.255 
 307.733 
 308.571 
 307.341 
 307.306 
 307.368 
 308.375 
 308.904 
 308.461 
 308.414 
 307.353 
 307.364 
 307.501 
 307.517 
 308.606 
 309.084 
 308.802 
 308.728 
 307.576 
 308.312 
 310.169 
 307.521 
 307.302 
 308.367 
 307.407 
 307.627 
 307.082 
 303.51 
 278.328 
 260.664 
 224.92 
 196.373 
 175.791 
 141.681 
 128.396 
 119.01 
 111.618 
 108.989 
 105.992 
 91.807 
 87.4 
 78.813 
 68.239 
