The Collection Interval for this data is: 15 minutes
 44.989 
 45.036 
 80.34 
 108.617 
 132.067 
 153.081 
 177.123 
 205.011 
 233.041 
 250.705 
 266.465 
 280.212 
 290.574 
 298.268 
 302.381 
 307.4 
 308.939 
 308.634 
 309.464 
 308.876 
 308.916 
 308.904 
 308.747 
 308.579 
 309.409 
 308.943 
 308.708 
 309.778 
 308.653 
 308.904 
 309.758 
 308.669 
 308.92 
 309.507 
 308.724 
 309.699 
 309.006 
 308.845 
 309.425 
 309.084 
 309.64 
 309.104 
 308.645 
 308.939 
 308.853 
 308.99 
 308.818 
 308.767 
 308.555 
 308.641 
 308.865 
 309.582 
 309.382 
 308.649 
 309.864 
 309.17 
 309.954 
 309.37 
 308.83 
 308.446 
 308.677 
 309.848 
 309.601 
 308.638 
 308.951 
 308.649 
 309.828 
 308.943 
 309.182 
 309.684 
 308.9 
 309.633 
 308.728 
 309.727 
 309.335 
 309.253 
 308.606 
 308.943 
 308.767 
 308.669 
 308.971 
 309.523 
 309.413 
 308.669 
 308.88 
 309.758 
 309.131 
 309.754 
 308.865 
 308.998 
 309.558 
 309.566 
 308.943 
 308.759 
 308.673 
 309.801 
 308.892 
 308.83 
 308.677 
 309.206 
 309.781 
 309.315 
 309.135 
 309.879 
 309.233 
 309.95 
 309.398 
 308.959 
 309.652 
 308.971 
 308.653 
 308.857 
 308.692 
 308.786 
 309.366 
 309.633 
 309.053 
 309.942 
 309.307 
 309.429 
 309.656 
 309.178 
 309.883 
 309.033 
 309.601 
 308.786 
 308.982 
 308.645 
 309.115 
 310.032 
 308.939 
 309.413 
 309.633 
 309.139 
 310.044 
 308.759 
 309.076 
 309.856 
 308.924 
 309.699 
 309.256 
 309.448 
 309.774 
 309.28 
 308.7 
 309.503 
 309.225 
 309.97 
 309.002 
 309.805 
 309.39 
 309.112 
 309.707 
 308.849 
 309.613 
 309.531 
 309.304 
 309.656 
 308.853 
 308.959 
 308.951 
 309.515 
 309.413 
 309.899 
 309.946 
 309.139 
 310.193 
 309.108 
 309.472 
 309.511 
 309.288 
 309.958 
 309.202 
 308.822 
 309.507 
 309.072 
 309.601 
 308.806 
 310.005 
 309.143 
 309.206 
 308.869 
 308.708 
 308.959 
 309.241 
 309.276 
 309.856 
 309.186 
 309.445 
 308.927 
 309.245 
 309.86 
 309.264 
 308.931 
 309.879 
 308.751 
 310.146 
 308.869 
 309.59 
 309.691 
 308.924 
 309.492 
 309.46 
 309.065 
 309.97 
 308.888 
 309.738 
 309.448 
 308.704 
 309.656 
 309.256 
 309.821 
 308.927 
 308.935 
 309.374 
 309.386 
 309.789 
 309.143 
 309.327 
 309.523 
 309.068 
 309.687 
 309.151 
 309.813 
 309.362 
 308.951 
 309.648 
 308.92 
 308.724 
 309.609 
 309.554 
 309.809 
 309.159 
 308.728 
 309.311 
 309.112 
 309.899 
 309.084 
 309.684 
 310.122 
 309.068 
 309.813 
 309.053 
 309.887 
 308.943 
 309.347 
 309.805 
 309.096 
 308.845 
 309.621 
 309.386 
 309.993 
 308.786 
 309.762 
 309.21 
 309.586 
 309.507 
 309.025 
 309.938 
 309.566 
 309.147 
 308.641 
 308.888 
 308.665 
 309.448 
 309.139 
 309.844 
 308.743 
 308.618 
 309.441 
 309.139 
 308.884 
 309.284 
 309.245 
 309.848 
 308.978 
 309.899 
 308.767 
 309.484 
 309.707 
 308.935 
 308.716 
 308.865 
 309.68 
 308.908 
 309.625 
 308.653 
 308.888 
 308.865 
 309.738 
 308.951 
 309.296 
 309.507 
 307.823 
 309.813 
 309.143 
 309.049 
 309.774 
 308.618 
 309.562 
 309.817 
 308.704 
 309.95 
 308.959 
 309.354 
 309.484 
 308.669 
 308.638 
 309.143 
 309.546 
 308.904 
 308.732 
 309.746 
 308.943 
 308.79 
 309.041 
 309.515 
 309.139 
 309.887 
 309.578 
 309.386 
 309.452 
 309.249 
 309.93 
 309.542 
 309.307 
 309.601 
 309.194 
 309.817 
 309.018 
 309.629 
 309.703 
 309.21 
 308.72 
 308.931 
 309.997 
 308.638 
 309.327 
 309.781 
 308.798 
 309.511 
 308.83 
 308.696 
 309.574 
 309.17 
 308.649 
 309.672 
 308.959 
 310.122 
 309.096 
 308.649 
 309.492 
 308.92 
 309.919 
 308.947 
 309.86 
 309.307 
 308.853 
 308.598 
 308.876 
 309.437 
 310.013 
 309.202 
 308.908 
 309.221 
 309.21 
 308.912 
 308.927 
 308.904 
 309.19 
 309.586 
 309.613 
 308.939 
 309.836 
 308.9 
 309.574 
 309.656 
 309.17 
 309.809 
 308.904 
 309.883 
 309.425 
 308.692 
 309.989 
 309.19 
 309.883 
 309.687 
 308.99 
 309.75 
 309.014 
 308.967 
 309.139 
 308.931 
 309.731 
 309.217 
 310.056 
 309.268 
 309.852 
 309.002 
 309.123 
 308.904 
 308.79 
 308.661 
 309.625 
 309.072 
 309.821 
 308.99 
 309.613 
 309.315 
 309.182 
 310.095 
 309.088 
 309.754 
 309.66 
 309.272 
 308.982 
 309.096 
 308.685 
 308.88 
 309.429 
 309.731 
 309.092 
 309.499 
 309.382 
 309.362 
 309.789 
 308.661 
 308.92 
 309.895 
 310.067 
 308.826 
 309.178 
 309.617 
 308.861 
 308.724 
 309.378 
 309.029 
 310.013 
 308.622 
 309.954 
 308.818 
 309.468 
 309.75 
 309.006 
 308.688 
 309.652 
 309.037 
 309.68 
 308.724 
 308.876 
 310.079 
 308.943 
 309.065 
 308.849 
 309.907 
 309.734 
 308.955 
 308.641 
 309.535 
 309.684 
 309.382 
 308.806 
 308.751 
 309.828 
 308.735 
 308.959 
 308.967 
 309.68 
 308.892 
 310.271 
 310.056 
 309.809 
 308.916 
 309.358 
 309.699 
 308.892 
 309.656 
 309.166 
 308.974 
 308.7 
 308.747 
 309.374 
 309.264 
 308.99 
 308.892 
 309.789 
 309.985 
 309.112 
 309.511 
 308.9 
 309.633 
 309.95 
 308.587 
 308.873 
 309.762 
 309.213 
 308.669 
 309.155 
 308.763 
 309.75 
 308.927 
 309.253 
 309.327 
 309.985 
 310.009 
 308.916 
 309.366 
 309.832 
 309.879 
 309.703 
 309.915 
 308.673 
 309.198 
 309.378 
 310.208 
 310.13 
 309.899 
 309.966 
 308.692 
 309.68 
 308.888 
 309.699 
 310.036 
 309.413 
 309.684 
 309.817 
 309.108 
 309.46 
 308.645 
 308.833 
 308.845 
 309.096 
 308.99 
 308.943 
 309.398 
 309.155 
 309.01 
 309.562 
 309.065 
 308.83 
 309.39 
 309.096 
 309.123 
 310.111 
 309.452 
 309.601 
 309.621 
 309.362 
 309.018 
 308.888 
 308.9 
