The Collection Interval for this data is: 15 minutes
 12.88 
 12.85 
 55.66 
 56.32 
 56.06 
 55.56 
 54.89 
 53.57 
 52.25 
 51.13 
 50.38 
 49.25 
 50.49 
 50.68 
 50.57 
 49.67 
 49.7 
 49.5 
 49.33 
 49.4 
 49.59 
 49.49 
 49.36 
 49.17 
 49.41 
 49.4 
 49.74 
 49.29 
 49.35 
 49.68 
 49.28 
 49.42 
 49.44 
 49 
 49.34 
 49.76 
 49.45 
 49.8 
 49.53 
 49.47 
 49.33 
 49.46 
 49.55 
 49.48 
 49.48 
 49.55 
 49.5 
 49.46 
 49.79 
 49.8 
 49.5 
 49.72 
 49.25 
 49.51 
 49.37 
 49.4 
 49.43 
 49.7 
 49.68 
 49.87 
 49.75 
 49.55 
 49.45 
 49.83 
 49.7 
 49.93 
 49.5 
 49.72 
 49.47 
 49.79 
 49.76 
 49.75 
 49.78 
 49.64 
 49.46 
 49.82 
 49.85 
 49.95 
 49.7 
 50 
 49.8 
 49.71 
 49.67 
 49.86 
 49.92 
 49.67 
 49.55 
 49.81 
 50.09 
 49.79 
 49.72 
 49.88 
 49.97 
 49.7 
 50.09 
 49.8 
 49.99 
 49.85 
 49.94 
 50.37 
 50.12 
 49.9 
 50.15 
 50.26 
 50.29 
 50.2 
 50.26 
 49.96 
 49.79 
 50.06 
 50.33 
 49.97 
 50.46 
 50.08 
 49.85 
 49.83 
 49.98 
 50.21 
 49.82 
 50.04 
 50.09 
 50.13 
 49.76 
 50.08 
 49.71 
 50.13 
 49.6 
 50.03 
 50.08 
 49.95 
 50.02 
 49.77 
 49.88 
 49.73 
 50.04 
 50.08 
 49.78 
 50.01 
 50.02 
 49.99 
 50.01 
 50.03 
 50.17 
 49.93 
 50.21 
 50.17 
 50.1 
 49.84 
 49.92 
 49.81 
 50 
 49.79 
 50.16 
 49.81 
 50.26 
 49.94 
 50 
 49.96 
 50.02 
 50.2 
 49.75 
 49.86 
 50.08 
 50.03 
 50.11 
 49.92 
 50.07 
 50.11 
 50.01 
 50.04 
 50.17 
 49.96 
 50.03 
 49.93 
 49.94 
 49.94 
 49.95 
 50.44 
 50.03 
 50.45 
 50.1 
 50.54 
 50.31 
 50.24 
 50.07 
 50.14 
 49.92 
 49.87 
 49.99 
 50.77 
 50.4 
 50.28 
 50.11 
 50.44 
 50.2 
 50.42 
 50.32 
 50.38 
 50.34 
 50.28 
 50.34 
 50.25 
 50.18 
 50.13 
 50.07 
 50.11 
 50.16 
 50.22 
 50.21 
 50.32 
 50.01 
 50.33 
 50.38 
 50.15 
 50.1 
 50.33 
 50.31 
 50.22 
 50.05 
 50.24 
 50.33 
 50.14 
 50.26 
 50.41 
 50.18 
 50.54 
 50.39 
 50.41 
 50.65 
 50.11 
 50.34 
 50.27 
 50.19 
 50.43 
 50.44 
 50.56 
 50.42 
 50.21 
 50.42 
 50.23 
 50.34 
 50.44 
 50.33 
 50.4 
 50.49 
 50.56 
 50.46 
 50.59 
 50.91 
 50.29 
 50.5 
 50.47 
 50.42 
 50.42 
 50.68 
 50.71 
 50.49 
 50.39 
 50.55 
 50.66 
 50.62 
 50.72 
 50.59 
 50.66 
 50.55 
 50.61 
 50.77 
 50.81 
 50.77 
 50.78 
 50.61 
 50.78 
 50.54 
 50.7 
 50.55 
 51.07 
 50.74 
 50.9 
 50.85 
 51.03 
 50.95 
 50.97 
 51.03 
 50.73 
 50.96 
 51.05 
 50.86 
 50.98 
 51.2 
 51.26 
 51.18 
 50.94 
 51.19 
 51.26 
 50.96 
 50.78 
 51.17 
 50.78 
 51.12 
 51.1 
 51.14 
 51.43 
 51.2 
 51.22 
 50.95 
 50.85 
 51.33 
 51.22 
 51.2 
 51.08 
 51.3 
 51.01 
 50.81 
 51.05 
 51.65 
 51.12 
 50.99 
 50.85 
 50.73 
 50.97 
 50.93 
 50.94 
 50.94 
 51.03 
 51.07 
 50.86 
 50.91 
 50.75 
 50.81 
 50.91 
 50.92 
 50.9 
 50.76 
 51.13 
 51.04 
 50.79 
 51.27 
 50.97 
 51.1 
 51.15 
 50.82 
 50.87 
 51.09 
 50.96 
 50.91 
 51.34 
 50.72 
 51.01 
 50.92 
 51.01 
 51.45 
 50.92 
 50.82 
 51.12 
 51.03 
 51 
 50.83 
 51.16 
 51.09 
 50.93 
 50.97 
 50.95 
 51.17 
 51.06 
 51.11 
 50.95 
 51.1 
 50.99 
 50.84 
 51.18 
 51.15 
 51.26 
 51.21 
 51.3 
 51.13 
 51.15 
 51.26 
 51.16 
 51.08 
 51.58 
 51.33 
 51.14 
 51.52 
 51.24 
 51.27 
 50.87 
 51.18 
 51.39 
 51.14 
 51.14 
 51.36 
 51.29 
 51.61 
 51.39 
 51.33 
 51.16 
 51.16 
 51.39 
 51.33 
 51.34 
 51.39 
 51.49 
 51.68 
 51.33 
 51.58 
 51.53 
 51.31 
 51.34 
 51.21 
 51.19 
 51.48 
 51.26 
 51.47 
 51.26 
 51.26 
 51.34 
 51.19 
 51.35 
 51.14 
 51.13 
 50.78 
 51.05 
 50.87 
 50.92 
 50.95 
 51.08 
 50.95 
 51.03 
 50.92 
 50.82 
 51.15 
 50.94 
 50.82 
 50.88 
 50.86 
 50.64 
 51.16 
 50.87 
 50.98 
 50.71 
 51.09 
 50.76 
 50.59 
 50.93 
 50.81 
 50.75 
 50.61 
 50.88 
 51.11 
 50.61 
 50.81 
 50.72 
 50.72 
 51.05 
 51.01 
 50.75 
 51.04 
 51.13 
 50.77 
 51.01 
 51.4 
 51.18 
 51.22 
 51.13 
 51.17 
 51.22 
 51.02 
 51.08 
 51.1 
 50.89 
 51.32 
 51.13 
 51.3 
 51.15 
 50.99 
 51.25 
 51.33 
 51.06 
 51.34 
 51.46 
 51.42 
 51.35 
 51.12 
 51.28 
 51.53 
 51.15 
 51.38 
 51.27 
 51.32 
 51.25 
 50.98 
 51.14 
 51.2 
 51.76 
 51.16 
 51.44 
 51.1 
 51.37 
 51.44 
 51.59 
 51.33 
 51.21 
 51.22 
 51.47 
 51.48 
 51.22 
 51.29 
 51.49 
 51.35 
 51.31 
 51.42 
 51.38 
 51.48 
 51.3 
 51.31 
 51.32 
 51.45 
 51.24 
 51.64 
 51.18 
 51.33 
 51.57 
 51.55 
 51.56 
 51.26 
 51.19 
 51.31 
 51.34 
 51.51 
 51.45 
 51.42 
 51.4 
 51.68 
 51.44 
 51.44 
 51.15 
 51.83 
 51.34 
 51.61 
 51.5 
 51.47 
 51.61 
 51.32 
 51.29 
 51.87 
 51.68 
 51.56 
 51.66 
 51.7 
 51.8 
 51.84 
