The Collection Interval for this data is: 15 minutes
 51.55 
 51.72 
 51.72 
 51.92 
 51.81 
 51.81 
 51.5 
 51.64 
 51.99 
 51.55 
 51.76 
 51.39 
 51.78 
 51.33 
 51.23 
 51.26 
 51.21 
 51.3 
 51.2 
 51.22 
 51.38 
 51.08 
 51.21 
 51.1 
 51.26 
 51.29 
 51.44 
 51.35 
 51.49 
 51.38 
 51.24 
 51.8 
 51.01 
 51.24 
 51.26 
 51.47 
 51.38 
 51.32 
 51.44 
 51.56 
 51.41 
 51.39 
 51.22 
 51.4 
 51.78 
 51.36 
 51.32 
 51.35 
 51.44 
 51.37 
 51.38 
 51.19 
 51.65 
 51.11 
 51.44 
 51.3 
 51.1 
 51.1 
 51.17 
 51.09 
 51.02 
 50.94 
 51.18 
 51.05 
 50.82 
 50.95 
 50.96 
 51.13 
 51.08 
 50.93 
 51.02 
 51.01 
 50.92 
 51.08 
 51.18 
 51.25 
 50.78 
 50.98 
 51.05 
 50.73 
 50.96 
 50.86 
 50.89 
 51.08 
 51.02 
 51.07 
 51.19 
 51.01 
 50.99 
 51.23 
 51.32 
 51.29 
 51.41 
 51.2 
 51.05 
 51.27 
 51.14 
 51.12 
 50.97 
 50.94 
 50.96 
 51.01 
 51.06 
 51.06 
 51 
 51.11 
 51.29 
 51 
 51.37 
 51.22 
 51.12 
 51.32 
 51.12 
 51.2 
 51.24 
 51.48 
 51.23 
 51.18 
 51.17 
 51.4 
 51.41 
 51.52 
 51.43 
 51.22 
 51.25 
 51.38 
 51.35 
 51.39 
 51.47 
 51.27 
 51.54 
 51.59 
 51.46 
 51.38 
 51.42 
 51.32 
 51.5 
 51.3 
 51.3 
 51.28 
 51.57 
 51.28 
 51.4 
 51.2 
 51.37 
 51.52 
 51.16 
 51.5 
 51.42 
 51.53 
 51.68 
 51.82 
 51.22 
 51.7 
 51.49 
 51.26 
 51.52 
 51.71 
 51.21 
 51.38 
 51.44 
 51.57 
 51.34 
 51.32 
 51.28 
 51.39 
 51.49 
 51.28 
 51.12 
 51.57 
 51.32 
 51.28 
 51.59 
 51.58 
 51.46 
 51.48 
 51.78 
 51.98 
 51.27 
 51.92 
 51.79 
 51.84 
 51.75 
 51.8 
 52.04 
 51.74 
 51.64 
 51.77 
 51.38 
 51.42 
 51.26 
 51.55 
 51.55 
 51.54 
 51.47 
 51.48 
 51.67 
 51.51 
 51.6 
 51.9 
 51.46 
 51.62 
 51.44 
 51.31 
 51.43 
 51.52 
 51.41 
 51.62 
 51.62 
 51.4 
 51.51 
 51.14 
 51.44 
 51.47 
 51.22 
 51.72 
 51.46 
 51.49 
 51.29 
 51.51 
 51.35 
 51.57 
 51.57 
 51.49 
 51.6 
 51.66 
 51.43 
 51.74 
 51.37 
 51.5 
 51.48 
 51.31 
 51.52 
 51.44 
 51.36 
 51.32 
 51.34 
 51.26 
 51.28 
 51.4 
 51.38 
 51.47 
 51.6 
 51.4 
 51.28 
 51.51 
 51.31 
 51.37 
 51.3 
 51.38 
 51.62 
 51.66 
 51.59 
 51.65 
 51.55 
 51.61 
 51.71 
 51.61 
 51.48 
 51.79 
 51.71 
 51.59 
 51.62 
 51.81 
 51.65 
 51.63 
 51.72 
 51.74 
 51.83 
 51.96 
 52.08 
 51.87 
 51.94 
 51.62 
 51.63 
 51.88 
 51.91 
 51.85 
 51.66 
 51.9 
 52.03 
 51.9 
 51.87 
 52.27 
 51.84 
 51.94 
 51.75 
 51.86 
 51.75 
 52.34 
 51.65 
 52.07 
 52.03 
 52.05 
 51.98 
 51.76 
 51.76 
 51.94 
 51.78 
 51.77 
 51.81 
 51.77 
 51.81 
 52.26 
 51.93 
 51.7 
 51.94 
 51.84 
 52.1 
 52.21 
 51.82 
 51.89 
 51.99 
 51.77 
 52.29 
 52.05 
 51.99 
 51.72 
 51.7 
 51.66 
 51.9 
 51.58 
 51.88 
 51.73 
 51.86 
 52.09 
 51.7 
 51.82 
 51.5 
 51.69 
 52.15 
 52.05 
 52.33 
 52.32 
 52.14 
 52.43 
 52.55 
 52.33 
 51.98 
 52.22 
 52.34 
 52.2 
 51.96 
 52.15 
 52.52 
 52.08 
 52.45 
 52.19 
 52.28 
 52.18 
 52.18 
 52.28 
 52.53 
 52.41 
 52.36 
 52.22 
 52.3 
 52.35 
 52.23 
 52.39 
 52.35 
 52.31 
 52.34 
 52.31 
 52.37 
 52.66 
 52.49 
 52.61 
 52.26 
 52.62 
 52.29 
 52.47 
 52.38 
 52.43 
 52.55 
 52.35 
 52.47 
 52.49 
 52.15 
 52.28 
 52.7 
 52.34 
 52.44 
 52.26 
 52.46 
 52.15 
 16.07 
 16.2 
 16.47 
 15.91 
 15.79 
 15.99 
 15.96 
 15.84 
 16.03 
 15.67 
 16.07 
 15.76 
 15.77 
 15.64 
 15.96 
 15.75 
 15.71 
 15.59 
 15.54 
 15.75 
 15.92 
 15.66 
 15.6 
 15.61 
 15.87 
 15.62 
 15.85 
 15.78 
 15.65 
 15.79 
 15.89 
 15.69 
 15.74 
 15.7 
 15.87 
 16.09 
 15.74 
 15.77 
 15.88 
 15.87 
 15.8 
 15.79 
 16.21 
 16.09 
 15.88 
 15.9 
 15.94 
 16.28 
 15.9 
 15.96 
 15.96 
 16.28 
 15.96 
 15.96 
 16.01 
 15.9 
 15.97 
 15.87 
 15.98 
 16.02 
 15.87 
 15.93 
 15.9 
 16.23 
 15.95 
 15.93 
 15.85 
 15.82 
 16 
 15.81 
 15.76 
 15.67 
 15.76 
 15.81 
 15.69 
 15.78 
 15.72 
 15.95 
 15.73 
 15.58 
 15.61 
 15.69 
 15.67 
 15.8 
 15.9 
 15.77 
 15.89 
 15.62 
 15.93 
 15.65 
 15.71 
 15.77 
 15.68 
 15.84 
 16.15 
 15.77 
 15.66 
 15.67 
 15.96 
 15.67 
 15.93 
 15.65 
 15.76 
 15.62 
 15.65 
 15.85 
 15.94 
 15.69 
 15.73 
 16.12 
 15.87 
 15.89 
 15.66 
 15.67 
 16.01 
 15.79 
 15.86 
 15.66 
 15.75 
 15.7 
 15.92 
 15.91 
 15.86 
 15.71 
 15.83 
 15.9 
 15.74 
 15.66 
 15.63 
 15.6 
 15.53 
 15.5 
 15.5 
 15.46 
 15.46 
 15.33 
 15.3 
 15.35 
 15.24 
 15.24 
 15.24 
 15.26 
 15.46 
 15.23 
 15.25 
 15.26 
 15.3 
 15.36 
 15.31 
 15.31 
 15.31 
 15.19 
 15.22 
 15.53 
 15.95 
 15.65 
 15.66 
 15.57 
 15.43 
 15.62 
 15.66 
 15.33 
 15.48 
 15.23 
 15.59 
 15.6 
 16.06 
 15.89 
 16.02 
 15.54 
 15.49 
 15.88 
 15.61 
 15.59 
 15.58 
 15.68 
 15.45 
 16.06 
 15.74 
 15.61 
 15.8 
 15.8 
 15.82 
 15.65 
 15.9 
 15.69 
 15.84 
 15.57 
 15.84 
 15.8 
 15.84 
 15.83 
 15.58 
 15.92 
 15.62 
 15.78 
 15.49 
 15.45 
 15.63 
 15.56 
 15.36 
 15.26 
 15.37 
 15.69 
 15.39 
 15.28 
 15.21 
 15.14 
 15.21 
 15.15 
 15.31 
 15.15 
 15.19 
 15.29 
 15.28 
 15.3 
 15.35 
 15.49 
 15.59 
 15.56 
 15.51 
 15.7 
 15.75 
 15.52 
 15.53 
 15.46 
 15.46 
 15.74 
 15.41 
 15.42 
 15.4 
 15.38 
 15.61 
 15.37 
 15.59 
 15.39 
 15.46 
 15.42 
 15.39 
 15.65 
 15.35 
 15.66 
 15.59 
 16 
 15.92 
 15.92 
 15.72 
 15.75 
 15.87 
 15.79 
 15.9 
 15.97 
 15.95 
 16.06 
 15.72 
 15.86 
 15.52 
 15.55 
 15.74 
 15.82 
 16.23 
 15.79 
 15.76 
 15.92 
 15.67 
 15.99 
 15.8 
 15.57 
 15.79 
 15.88 
 15.73 
 15.81 
 15.77 
 15.65 
 16 
 15.83 
 15.78 
 15.77 
 16.04 
 15.71 
 16.08 
 15.77 
 15.79 
 15.61 
 15.64 
 15.69 
 15.66 
 15.68 
 15.82 
 15.6 
 15.86 
 15.72 
 15.99 
 15.93 
 15.64 
 15.81 
 15.75 
 15.71 
 15.69 
 15.64 
 15.85 
 15.77 
 15.58 
 16 
 15.68 
 15.82 
 15.66 
 16.58 
 17.95 
 16.54 
 16.72 
 16.5 
 11.18 
 10.35 
 10.29 
 10.22 
 10.21 
 10.22 
 10.19 
 13.47 
 12.83 
 10.25 
 9.91 
