The Collection Interval for this data is: 15 minutes
 0 
 0 
 0 
 0 
 0 
 0.001 
 0 
-0.001 
 0 
 0 
 0 
-0.001 
 0 
 0 
 0 
 0 
-0.001 
-0.001 
 0 
 0 
 0 
 0 
-0.001 
 0 
 0 
 0 
 0 
 0 
-0.001 
-0.001 
-0.001 
 0 
 0 
 0 
 0 
-0.001 
 0 
-0.001 
 0 
-0.001 
-0.001 
 0 
 0 
 0 
 0 
-0.001 
 0 
 0 
 0 
 0 
 0 
-0.001 
 0 
 0 
-0.001 
 0 
 0 
 0 
 0 
 0 
-0.001 
 0 
 0 
 0 
-0.001 
-0.001 
-0.001 
-0.001 
 0 
 0 
 0 
 0 
 0 
 0 
 0 
-0.001 
 0 
 0 
-0.001 
-0.001 
-0.001 
-0.001 
 0.001 
 0 
 0 
 0 
 0 
 0 
 0 
 0 
 0 
-0.001 
 0 
-0.001 
-0.001 
-0.001 
 0 
 0 
-0.001 
-0.001 
 0 
-0.001 
 0 
 0 
-0.001 
-0.001 
-0.001 
 0 
 0.001 
 0.002 
 0 
 0 
 0 
-0.001 
 0 
-0.001 
-0.001 
-0.001 
-0.001 
 0 
 0 
-0.001 
 0 
-0.001 
 0 
 0 
 0 
 0 
 0 
 0 
-0.001 
 0 
 0 
 0 
 0 
 0 
-0.001 
 0.001 
-0.001 
 0 
 0 
 0 
 0 
 0 
-0.001 
 0 
 0 
-0.001 
 0 
 0 
 0 
 0.001 
 0.002 
 0.002 
 0.004 
 0.004 
 0.005 
 0.006 
 0.007 
 0.007 
 0.009 
 0.009 
 0.01 
 0.01 
 0.01 
 0.011 
 0.012 
 0.013 
 0.013 
 0.014 
 0.015 
 0.016 
 0.016 
 0.017 
 0.019 
 0.02 
 0.021 
 0.022 
 0.024 
 0.024 
 0.027 
 0.031 
 0.034 
 0.036 
 0.038 
 0.04 
 0.041 
 0.043 
 0.044 
 0.047 
 0.048 
 0.051 
 0.051 
 0.053 
 0.056 
 0.056 
 0.058 
 0.058 
 0.061 
 0.062 
 0.063 
 0.064 
 0.064 
 0.065 
 0.065 
 0.067 
 0.068 
 0.069 
 0.069 
 0.07 
 0.072 
 0.073 
 0.074 
 0.075 
 0.076 
 0.077 
 0.078 
 0.079 
 0.08 
 0.081 
 0.083 
 0.084 
 0.086 
 0.086 
 0.086 
 0.087 
 0.09 
 0.091 
 0.092 
 0.093 
 0.094 
 0.095 
 0.096 
 0.097 
 0.099 
 0.099 
 0.1 
 0.102 
 0.102 
 0.103 
 0.103 
 0.104 
 0.104 
 0.105 
 0.105 
 0.106 
 0.106 
 0.107 
 0.107 
 0.107 
 0.108 
 0.109 
 0.107 
 0.107 
 0.11 
 0.109 
 0.108 
 0.111 
 0.11 
 0.111 
 0.109 
 0.109 
 0.109 
 0.111 
 0.111 
 0.112 
 0.11 
 0.114 
 0.115 
 0.114 
 0.117 
 0.119 
 0.121 
 0.123 
 0.124 
 0.125 
 0.126 
 0.128 
 0.128 
 0.128 
 0.129 
 0.13 
 0.13 
 0.13 
 0.131 
 0.132 
 0.132 
 0.133 
 0.134 
 0.133 
 0.134 
 0.135 
 0.135 
 0.134 
 0.134 
 0.136 
 0.136 
 0.136 
 0.136 
 0.134 
 0.137 
 0.138 
 0.138 
 0.137 
 0.136 
 0.138 
 0.139 
 0.139 
 0.138 
 0.139 
 0.142 
 0.14 
 0.139 
 0.14 
 0.14 
 0.14 
 0.14 
 0.142 
 0.144 
 0.142 
 0.143 
 0.141 
 0.143 
 0.143 
 0.142 
 0.142 
 0.142 
 0.142 
 0.142 
 0.143 
 0.141 
 0.142 
 0.142 
 0.142 
 0.142 
 0.141 
 0.141 
 0.14 
 0.14 
 0.141 
 0.14 
 0.14 
 0.139 
 0.139 
 0.139 
 0.139 
 0.139 
 0.139 
 0.138 
 0.138 
 0.139 
 0.14 
 0.14 
 0.143 
 0.142 
 0.143 
 0.143 
 0.144 
 0.144 
 0.145 
 0.147 
 0.146 
 0.147 
 0.15 
 0.15 
 0.149 
 0.15 
 0.151 
 0.151 
 0.153 
 0.153 
 0.153 
 0.152 
 0.153 
 0.154 
 0.154 
 0.155 
 0.157 
 0.158 
 0.159 
 0.161 
 0.161 
 0.163 
 0.162 
 0.163 
 0.164 
 0.162 
 0.163 
 0.165 
 0.166 
 0.168 
 0.17 
 0.173 
 0.176 
 0.178 
 0.181 
 0.184 
 0.188 
 0.19 
 0.194 
 0.197 
 0.199 
 0.203 
 0.206 
 0.209 
 0.212 
 0.216 
 0.22 
 0.223 
 0.225 
 0.227 
 0.23 
 0.233 
 0.236 
 0.237 
 0.239 
 0.242 
 0.244 
 0.245 
 0.247 
 0.249 
 0.176 
 0.143 
 0.122 
 0.105 
 0.089 
 0.08 
 0.069 
 0.06 
 0.051 
 0.045 
 0.038 
 0.033 
 0.039 
 0.043 
 0.047 
 0.048 
 0.05 
 0.053 
 0.055 
 0.057 
 0.059 
 0.063 
 0.064 
 0.069 
 0.071 
 0.074 
 0.077 
 0.08 
 0.081 
 0.086 
 0.09 
 0.094 
 0.099 
 0.103 
 0.107 
 0.111 
 0.115 
 0.12 
 0.123 
 0.126 
 0.131 
 0.134 
 0.137 
 0.14 
 0.143 
 0.147 
 0.15 
 0.153 
 0.156 
 0.158 
 0.159 
 0.162 
 0.163 
 0.163 
 0.164 
 0.166 
 0.166 
 0.167 
 0.169 
 0.169 
 0.171 
 0.173 
 0.175 
 0.176 
 0.18 
 0.18 
 0.181 
 0.183 
 0.186 
 0.187 
 0.188 
 0.19 
 0.191 
 0.193 
 0.195 
 0.197 
 0.198 
 0.199 
 0.201 
 0.201 
 0.202 
 0.203 
 0.205 
 0.205 
 0.206 
 0.206 
 0.208 
 0.207 
 0.208 
 0.208 
 0.208 
 0.209 
 0.209 
 0.21 
 0.213 
 0.214 
 0.216 
 0.217 
 0.221 
 0.223 
 0.225 
 0.227 
 0.228 
 0.229 
 0.23 
 0.231 
 0.232 
 0.235 
 0.235 
 0.237 
 0.237 
 0.238 
 0.239 
 0.24 
 0.241 
 0.243 
 0.244 
 0.246 
 0.243 
 0.245 
 0.251 
 0.257 
 0.262 
 0.266 
 0.269 
 0.272 
 0.274 
 0.277 
 0.279 
 0.281 
 0.28 
 0.279 
 0.283 
 0.287 
 0.291 
 0.293 
 0.295 
 0.297 
 0.297 
 0.298 
 0.298 
 0.299 
 0.299 
 0.299 
 0.299 
 0.299 
 0.299 
 0.299 
 0.3 
 0.3 
 0.3 
 0.3 
 0.302 
 0.301 
 0.301 
 0.302 
 0.301 
 0.304 
 0.306 
 0.308 
 0.312 
 0.314 
 0.316 
 0.318 
 0.32 
 0.323 
 0.326 
 0.33 
 0.332 
 0.334 
 0.336 
 0.337 
 0.339 
 0.34 
 0.341 
 0.342 
 0.343 
 0.343 
 0.344 
 0.344 
 0.344 
 0.236 
 0.057 
 0.015 
 0 
 0 
-0.001 
 0 
-0.001 
 0 
-0.001 
 0 
-0.001 
 0 
-0.001 
 0 
-0.001 
 0 
-0.001 
-0.001 
-0.001 
 0 
-0.001 
 0 
 0 
 0 
 0 
-0.001 
-0.001 
-0.001 
-0.001 
-0.001 
 0 
-0.001 
-0.001 
-0.001 
-0.001 
 0 
-0.001 
 0 
 0 
-0.001 
 0 
 0 
-0.001 
-0.001 
 0 
 0 
-0.001 
 0 
-0.001 
-0.001 
-0.001 
 0 
-0.001 
-0.001 
 0 
-0.001 
-0.001 
-0.001 
-0.001 
 0 
-0.001 
-0.001 
 0 
-0.001 
-0.001 
-0.001 
-0.001 
-0.001 
-0.001 
 0 
-0.001 
-0.001 
 0 
-0.001 
-0.001 
-0.001 
-0.001 
-0.001 
-0.001 
-0.001 
-0.001 
-0.001 
-0.001 
-0.001 
-0.001 
 0 
 0 
-0.001 
 0 
-0.001 
-0.001 
-0.001 
-0.001 
 0.006 
 0.016 
 0.025 
 0.034 
 0.044 
 0.053 
 0.065 
 0.074 
 0.082 
 0.091 
 0.098 
 0.104 
 0.111 
