The Collection Interval for this data is: 15 minutes
 350.383 
 350.759 
 349.803 
 349.403 
 350.574 
 350.077 
 350.602 
 350.461 
 350.21 
 350.602 
 350.077 
 350.61 
 350.731 
 350.665 
 350.653 
 350.351 
 349.689 
 350.527 
 349.466 
 350.183 
 349.646 
 350.535 
 349.372 
 350.668 
 350.402 
 350.59 
 350.602 
 350.328 
 349.854 
 350.774 
 350.418 
 350.151 
 350.524 
 350.704 
 350.226 
 350.292 
 350.371 
 349.278 
 350.265 
 350.132 
 350.512 
 349.983 
 350.249 
 349.948 
 350.187 
 350.022 
 350.339 
 349.25 
 350.449 
 349.791 
 350.614 
 350.249 
 349.881 
 350.116 
 350.073 
 350.132 
 350.386 
 349.979 
 349.262 
 349.258 
 350.014 
 349.642 
 350.292 
 350.414 
 350.418 
 349.858 
 350.453 
 349.399 
 350.367 
 350.418 
 349.415 
 350.073 
 349.274 
 350.03 
 349.791 
 349.952 
 350.43 
 349.333 
 349.403 
 350.48 
 350.347 
 350.355 
 350.406 
 349.528 
 350.312 
 350.578 
 349.497 
 350.273 
 350.006 
 350.453 
 350.469 
 349.709 
 349.775 
 350.641 
 350.492 
 349.552 
 350.339 
 349.403 
 350.469 
 350.559 
 350.555 
 350.332 
 350.402 
 350.069 
 350.32 
 350.242 
 349.47 
 350.441 
 350.437 
 350.375 
 350.571 
 350.43 
 350.633 
 350.465 
 350.594 
 350.336 
 349.654 
 350.594 
 350.559 
 350.332 
 350.5 
 350.171 
 349.94 
 350.484 
 350.578 
 350.347 
 350.43 
 349.607 
 350.567 
 350.336 
 350.198 
 350.649 
 350.48 
 350.586 
 350.41 
 350.339 
 349.482 
 350.527 
 350.668 
 350.524 
 350.386 
 350.524 
 350.214 
 350.567 
 350.543 
 349.862 
 350.637 
 350.034 
 349.74 
 349.697 
 349.956 
 349.673 
 349.92 
 350.367 
 349.446 
 350.461 
 350.249 
 349.744 
 349.85 
 350.512 
 350.469 
 349.905 
 350.61 
 350.653 
 350.265 
 350.653 
 350.704 
 350.5 
 350.661 
 350.363 
 350.488 
 349.607 
 350.053 
 350.527 
 350.535 
 350.445 
 350.359 
 350.5 
 350.461 
 350.355 
 350.516 
 349.948 
 349.67 
 350.531 
 349.787 
 350.363 
 350.359 
 350.343 
 350.555 
 350.598 
 350.379 
 350.324 
 349.552 
 350.359 
 349.34 
 350.465 
 349.572 
 350.383 
 349.959 
 349.576 
 350.3 
 349.525 
 350.645 
 350.535 
 350.386 
 350.504 
 350.559 
 350.292 
 349.814 
 350.676 
 350.547 
 350.32 
 350.351 
 350.567 
 350.637 
 349.501 
 350.527 
 350.629 
 349.956 
 350.602 
 349.38 
 350.104 
 350.061 
 350.465 
 350.492 
 349.685 
 350.535 
 350.465 
 350.406 
 349.364 
 350.563 
 350.657 
 350.492 
 350.461 
 350.32 
 350.367 
 350.622 
 349.952 
 350.355 
 350.602 
 349.626 
 350.52 
 349.521 
 350.672 
 350.52 
 350.704 
 350.484 
 350.696 
 350.574 
 350.339 
 350.136 
 350.496 
 350.43 
 350.383 
 350.578 
 350.402 
 350.602 
 349.544 
 350.41 
 349.799 
 349.603 
 350.641 
 350.527 
 350.383 
 350.582 
 350.406 
 350.598 
 350.48 
 350.555 
 350.367 
 350.661 
 350.147 
 350.653 
 350.473 
 350.704 
 349.497 
 349.438 
 350.218 
 350.676 
 350.461 
 350.194 
 350.567 
 350.688 
 350.206 
 350.402 
 350.324 
 349.654 
 350.453 
 350.618 
 350.187 
 350.48 
 350.43 
 349.521 
 350.265 
 349.27 
 350.535 
 350.602 
 349.517 
 350.574 
 349.501 
 350.625 
 350.367 
 350.465 
 350.202 
 350.003 
 349.536 
 350.52 
 349.834 
 349.717 
 350.081 
 350.618 
 350.567 
 350.665 
 350.543 
 349.881 
 349.384 
 350.402 
 350.512 
 350.108 
 349.634 
 350.445 
 350.48 
 349.493 
 350.332 
 349.642 
 349.908 
 350.614 
 350.414 
 350.527 
 350.206 
 350.026 
 350.551 
 350.069 
 350.144 
 350.884 
 349.885 
 349.521 
 349.873 
 350.618 
 350.402 
 350.116 
 350.371 
 349.427 
 350.48 
 349.619 
 350.606 
 350.563 
 350.116 
 350.594 
 350.484 
 350.539 
 350.414 
 350.743 
 350.414 
 350.633 
 350.524 
 350.504 
 350.457 
 350.386 
 350.625 
 350.759 
 349.599 
 350.739 
 350.645 
 350.457 
 349.685 
 349.999 
 350.551 
 350.59 
 349.603 
 350.668 
 350.39 
 350.641 
 350.433 
 350.285 
 350.645 
 350.661 
 350.202 
 350.414 
 350.68 
 349.611 
 350.731 
 350.524 
 350.672 
 349.936 
 350.43 
 350.547 
 350.488 
 349.164 
 350.422 
 350.688 
 350.39 
 350.641 
 350.465 
 350.187 
 350.449 
 349.407 
 350.12 
 350.555 
 350.398 
 350.422 
 350.504 
 350.422 
 350.559 
 350.43 
 350.1 
 349.333 
 350.426 
 350.606 
 350.5 
 350.484 
 350.465 
 350.269 
 350.555 
 350.574 
 350.441 
 350.594 
 350.461 
 350.567 
 350.59 
 349.932 
 349.337 
 350.543 
 350.731 
 350.692 
 350.645 
 350.527 
 350.586 
 350.359 
 350.32 
 350.473 
 350.602 
 350.649 
 349.164 
 350.712 
 350.755 
 350.574 
 350.261 
 350.802 
 350.32 
 349.587 
 350.594 
 350.712 
 350.645 
 350.645 
 350.582 
 350.645 
 350.285 
 350.606 
 349.325 
 350.441 
 350.716 
 350.7 
 350.457 
 350.684 
 350.692 
 350.716 
 350.665 
 350.672 
 350.633 
 350.559 
 350.414 
 350.48 
 349.956 
 349.384 
 350.457 
 350.668 
 350.641 
 350.453 
 350.042 
 349.286 
 350.257 
 350.383 
 350.312 
 349.333 
 350.723 
 350.622 
 350.449 
 350.418 
 350.355 
 350.124 
 350.324 
 350.719 
 350.477 
 349.309 
 350.547 
 349.865 
 350.343 
 349.528 
 350.641 
 350.496 
 350.39 
 349.634 
 350.531 
 350.367 
 349.321 
 350.32 
 350.582 
 350.292 
 350.61 
 349.278 
 350.531 
 350.398 
 350.751 
 350.437 
 350.571 
 350.198 
 349.235 
 350.512 
 350.48 
 350.496 
 350.336 
 350.359 
 350.688 
 350.645 
 350.708 
 350.527 
 350.614 
 350.484 
 350.473 
 350.59 
 350.473 
 350.625 
 349.634 
 349.438 
 350.59 
 350.582 
 350.418 
 350.559 
 350.375 
 350.622 
 350.261 
 350.363 
 349.756 
 349.587 
 350.336 
 350.43 
 350.488 
 350.543 
 350.516 
 349.184 
 350.602 
 350.402 
 350.594 
 350.332 
 350.535 
 350.633 
 350.535 
 349.697 
 350.512 
 349.889 
 350.3 
 350.347 
 350.477 
 350.175 
 350.445 
 350.524 
 349.744 
 350.622 
 350.449 
 349.454 
 349.76 
 350.383 
 349.137 
 350.516 
 350.445 
 350.539 
 350.527 
 349.54 
 349.548 
 350.288 
 350.218 
 350.414 
 350.363 
 350.606 
 350.39 
 350.539 
 349.654 
 350.602 
 349.826 
 350.265 
 349.297 
 350.547 
 350.614 
 350.453 
 349.333 
 350.433 
 350.571 
 350.398 
 350.198 
 349.521 
 350.273 
 350.238 
 350.445 
 350.253 
 350.312 
 350.618 
 350.273 
 350.339 
 349.391 
 350.292 
 350.473 
 350.449 
 350.222 
 350.32 
 350.618 
 350.406 
 350.531 
 349.34 
 350.43 
 349.76 
 350.39 
 350.516 
 350.359 
 350.684 
 350.422 
 350.402 
 350.257 
 350.524 
 350.527 
 350.073 
 349.321 
 349.364 
 350.547 
 350.547 
 349.309 
 350.328 
 349.419 
 350.285 
 350.183 
 350.441 
 350.379 
 350.465 
 349.203 
 349.34 
 349.654 
 350.602 
 350.516 
 350.531 
 350.124 
 350.469 
 349.352 
 350.567 
 350.414 
 350.332 
 350.332 
 349.438 
 350.469 
 350.43 
 350.187 
 350.614 
 349.681 
 350.273 
 350.398 
 349.528 
 349.92 
 350.527 
 350.14 
 350.457 
 350.422 
 350.014 
 350.567 
 350.555 
 349.959 
 350.194 
 350.594 
 349.239 
 350.347 
 350.292 
 350.402 
 350.288 
 350.598 
 350.445 
 349.658 
 349.235 
 350.304 
 350.383 
 350.488 
 349.223 
 349.235 
 350.555 
 350.551 
 350.453 
 350.598 
 350.257 
 350.292 
 349.905 
 350.296 
 350.339 
 350.32 
 350.194 
 349.583 
 350.547 
 347.374 
 320.531 
 291.6 
 232.669 
 200.667 
 178.646 
 171.054 
 158.146 
 142.868 
 130.218 
 121.22 
 131.436 
 120.127 
 108.166 
 98.451 
 94.31 
