The Collection Interval for this data is: 15 minutes
 37.032 
 37.056 
 80.195 
 110.38 
 133.176 
 168.414 
 207.041 
 247.528 
 275.198 
 286.966 
 308.207 
 321.213 
 332.48 
 339.139 
 343.872 
 348.106 
 349.156 
 349.09 
 350.43 
 349.348 
 349.086 
 349.842 
 349.329 
 349.047 
 349.493 
 350.253 
 349.313 
 350.093 
 348.988 
 349.525 
 350.026 
 349.889 
 349.07 
 350.085 
 349.203 
 349.105 
 349.438 
 349.094 
 349.525 
 349.811 
 349.905 
 349.56 
 350.089 
 349.407 
 350.116 
 349.297 
 349.192 
 349.235 
 349.916 
 349.274 
 349.243 
 349.936 
 349.497 
 349.176 
 349.497 
 350.093 
 349.521 
 349.168 
 349.25 
 348.298 
 349.078 
 349.035 
 349.67 
 349.035 
 349.305 
 349.074 
 349.313 
 349.148 
 349.282 
 349.145 
 349.337 
 349.235 
 349.243 
 349.125 
 349.172 
 349.231 
 349.172 
 349.227 
 349.36 
 349.274 
 349.266 
 349.282 
 349.623 
 348.804 
 348.044 
 349.34 
 349.094 
 349.141 
 349.321 
 349.223 
 349.192 
 349.137 
 349.109 
 348.463 
 349.117 
 349.893 
 349.282 
 349.356 
 349.364 
 350.43 
 349.313 
 349.493 
 349.286 
 349.145 
 349.105 
 349.313 
 349.266 
 349.885 
 349.862 
 349.344 
 349.145 
 350.414 
 349.301 
 350.39 
 349.513 
 350.285 
 349.767 
 349.583 
 349.188 
 349.528 
 349.944 
 349.83 
 349.521 
 350.281 
 349.591 
 349.105 
 349.313 
 349.152 
 349.309 
 350.065 
 349.744 
 349.814 
 350.194 
 349.536 
 350.214 
 349.086 
 349.38 
 350.065 
 349.748 
 350.073 
 349.305 
 350.351 
 349.333 
 350.053 
 349.266 
 349.27 
 350.308 
 349.548 
 350.077 
 349.862 
 349.466 
 349.207 
 349.544 
 350.167 
 349.932 
 349.199 
 349.325 
 349.595 
 349.321 
 349.203 
 350.292 
 349.528 
 350.018 
 349.67 
 349.65 
 349.156 
 350.367 
 350.226 
 349.333 
 350.112 
 349.384 
 350.512 
 350.077 
 349.164 
 350.085 
 349.387 
 349.27 
 349.356 
 350.14 
 349.356 
 349.36 
 349.301 
 349.18 
 349.329 
 349.329 
 349.999 
 350.386 
 349.525 
 350.218 
 349.599 
 350.108 
 349.999 
 349.576 
 349.262 
 349.344 
 350.097 
 350.003 
 349.901 
 350.633 
 350.52 
 350.281 
 349.905 
 349.681 
 350.273 
 349.415 
 350.375 
 349.239 
 350.386 
 349.752 
 350.665 
 350.437 
 350.563 
 350.43 
 349.403 
 350.324 
 350.578 
 350.179 
 350.277 
 350.625 
 350.402 
 349.497 
 350.563 
 349.544 
 350.547 
 349.987 
 349.607 
 350.285 
 349.321 
 350.363 
 349.893 
 350.108 
 350.336 
 350.645 
 349.152 
 349.532 
 350.3 
 349.752 
 350.535 
 350.159 
 350.336 
 350.159 
 349.556 
 349.963 
 350.461 
 349.583 
 350.625 
 349.595 
 350.116 
 350.003 
 349.877 
 350.582 
 349.505 
 350.347 
 350.433 
 350.312 
 350.265 
 350.116 
 350.32 
 349.67 
 350.265 
 350.457 
 349.799 
 349.901 
 349.599 
 350.175 
 350.414 
 350.257 
 350.128 
 349.235 
 350.598 
 350.684 
 350.422 
 349.971 
 349.811 
 350.547 
 349.54 
 350.414 
 349.568 
 350.563 
 349.63 
 350.696 
 350.383 
 349.595 
 350.492 
 350.473 
 350.418 
 350.355 
 349.368 
 350.296 
 350.531 
 349.92 
 350.488 
 350.516 
 350.046 
 350.555 
 350.559 
 350.543 
 350.367 
 350.238 
 350.555 
 350.625 
 349.936 
 350.406 
 350.41 
 350.508 
 350.657 
 350.578 
 349.771 
 350.531 
 350.504 
 350.308 
 350.618 
 350.547 
 350.406 
 349.983 
 350.543 
 350.563 
 349.423 
 350.383 
 349.658 
 350.046 
 349.658 
 349.944 
 350.567 
 349.489 
 350.355 
 350.594 
 350.516 
 350.402 
 350.618 
 350.594 
 349.54 
 350.606 
 349.579 
 349.959 
 350.422 
 349.795 
 350.441 
 350.543 
 350.355 
 350.469 
 350.363 
 350.163 
 349.528 
 350.453 
 349.638 
 350.555 
 350.124 
 349.552 
 350.394 
 349.137 
 350.547 
 349.681 
 350.594 
 350.065 
 350.578 
 350.418 
 349.407 
 350.508 
 350.61 
 349.76 
 350.563 
 350.563 
 350.21 
 350.304 
 350.375 
 350.003 
 349.681 
 350.418 
 349.619 
 350.371 
 350.516 
 350.406 
 349.928 
 350.371 
 350.014 
 350.433 
 350.586 
 350.328 
 350.398 
 350.61 
 349.893 
 350.359 
 350.43 
 350.21 
 350.433 
 350.473 
 350.147 
 350.445 
 350.339 
 349.438 
 350.39 
 349.446 
 350.359 
 350.696 
 350.645 
 350.731 
 350.535 
 350.316 
 350.571 
 350.355 
 349.783 
 350.124 
 350.492 
 350.668 
 350.649 
 350.708 
 349.764 
 350.629 
 350.672 
 350.5 
 350.688 
 350.68 
 349.36 
 350.23 
 349.681 
 350.379 
 350.308 
 349.403 
 350.398 
 350.363 
 349.807 
 350.422 
 349.764 
 350.339 
 349.395 
 349.779 
 350.273 
 349.748 
 350.567 
 350.422 
 350.042 
 350.61 
 350.551 
 349.297 
 350.05 
 350.065 
 350.336 
 350.23 
 350.347 
 350.202 
 350.582 
 349.975 
 350.484 
 349.611 
 350.422 
 350.383 
 350.214 
 350.104 
 349.56 
 350.59 
 350.312 
 349.517 
 350.477 
 350.304 
 350.61 
 349.607 
 349.493 
 350.618 
 350.618 
 350.316 
 349.908 
 349.658 
 349.591 
 349.54 
 350.629 
 350.379 
 349.838 
 350.433 
 350.394 
 350.312 
 349.697 
 350.367 
 350.363 
 349.411 
 350.171 
 350.594 
 350.578 
 349.767 
 350.453 
 349.85 
 350.453 
 350.668 
 350.014 
 349.795 
 350.633 
 350.504 
 350.692 
 350.48 
 350.441 
 350.524 
 350.363 
 350.304 
 349.509 
 350.461 
 350.175 
 349.45 
 350.5 
 350.12 
 350.206 
 350.43 
 349.427 
 349.85 
 350.136 
 350.245 
 350.065 
 349.38 
 350.383 
 350.339 
 350.649 
 350.104 
 349.47 
 350.226 
 350.524 
 350.304 
 349.619 
 349.587 
 349.497 
 350.398 
 349.799 
 350.653 
 349.548 
 350.665 
 349.834 
 349.309 
 349.572 
 350.551 
 349.975 
 349.971 
 350.426 
 349.803 
 350.057 
 350.022 
 349.407 
 350.296 
 350.465 
 349.466 
 350.578 
 349.525 
 350.418 
 350.433 
 350.516 
 349.756 
 350.484 
 349.552 
 350.367 
 350.324 
 349.901 
 350.202 
 349.897 
 349.462 
