The Collection Interval for this data is: 15 minutes
 7.118 
 7.119 
 7.121 
 7.114 
 7.115 
 7.124 
 7.117 
 7.115 
 7.125 
 7.125 
 7.116 
 7.12 
 7.124 
 7.125 
 7.115 
 7.118 
 7.125 
 7.115 
 7.126 
 7.118 
 7.116 
 7.127 
 7.121 
 7.116 
 7.126 
 7.12 
 7.116 
 7.116 
 7.118 
 7.128 
 7.126 
 7.127 
 7.123 
 7.117 
 7.127 
 7.117 
 7.129 
 7.128 
 7.118 
 7.122 
 7.127 
 7.122 
 7.129 
 7.128 
 7.124 
 7.129 
 7.13 
 7.125 
 7.123 
 7.122 
 7.122 
 7.128 
 7.119 
 7.125 
 7.119 
 7.117 
 7.121 
 7.113 
 7.126 
 7.116 
 7.131 
 7.128 
 7.126 
 7.128 
 7.128 
 7.129 
 7.132 
 7.12 
 7.12 
 7.12 
 7.119 
 7.128 
 7.129 
 7.123 
 7.129 
 7.125 
 7.128 
 7.123 
 7.118 
 7.129 
 7.13 
 7.128 
 7.128 
 7.118 
 7.118 
 7.122 
 7.128 
 7.121 
 7.123 
 7.127 
 7.128 
 7.127 
 7.13 
 7.123 
 7.123 
 7.122 
 7.129 
 7.127 
 7.115 
 7.119 
 7.125 
 7.121 
 7.128 
 7.127 
 7.119 
 7.117 
 7.113 
 7.115 
 7.122 
 7.129 
 7.117 
 7.122 
 7.121 
 7.116 
 7.119 
 7.124 
 7.129 
 7.116 
 7.124 
 7.126 
 7.124 
 7.122 
 7.119 
 7.117 
 7.126 
 7.126 
 7.124 
 7.125 
 7.119 
 7.126 
 7.117 
 7.126 
 7.119 
 7.125 
 7.116 
 7.127 
 7.118 
 7.127 
 7.118 
 7.126 
 7.127 
 7.128 
 7.117 
 7.127 
 7.112 
 7.117 
 7.117 
 7.121 
 7.125 
 7.117 
 7.122 
 7.127 
 7.122 
 7.115 
 7.116 
 7.121 
 7.119 
 7.114 
 7.117 
 7.109 
 7.118 
 7.119 
 7.118 
 7.107 
 7.107 
 7.105 
 7.104 
 7.11 
 7.112 
 7.115 
 7.11 
 7.108 
 7.104 
 7.105 
 7.103 
 7.101 
 7.107 
 7.102 
 7.096 
 7.106 
 7.098 
 7.095 
 7.1 
 7.098 
 7.105 
 7.094 
 7.099 
 7.1 
 7.103 
 7.099 
 7.095 
 7.092 
 7.104 
 7.094 
 7.097 
 7.098 
 7.091 
 7.092 
 7.099 
 7.095 
 7.097 
 7.101 
 7.102 
 7.09 
 7.091 
 7.101 
 7.091 
 7.102 
 7.09 
 7.092 
 7.1 
 7.099 
 7.095 
 7.101 
 7.091 
 7.094 
 7.097 
 7.1 
 7.098 
 7.095 
 7.094 
 7.09 
 7.089 
 7.089 
 7.096 
 7.094 
 7.09 
 7.091 
 7.092 
 7.093 
 7.091 
 7.1 
 7.099 
 7.1 
 7.089 
 7.091 
 7.093 
 7.09 
 7.1 
 7.099 
 7.095 
 7.086 
 7.093 
 7.099 
 7.088 
 7.088 
 7.093 
 7.099 
 7.099 
 7.087 
 7.09 
 7.097 
 7.087 
 7.09 
 7.095 
 7.092 
 7.094 
 7.096 
 7.093 
 7.1 
 7.088 
 7.098 
 7.096 
 7.089 
 7.094 
 7.096 
 7.098 
 7.098 
 7.092 
 7.089 
 7.093 
 7.089 
 7.087 
 7.099 
 7.098 
 7.092 
 7.098 
 7.087 
 7.095 
 7.089 
 7.091 
 7.087 
 7.093 
 7.094 
 7.097 
 7.086 
 7.102 
 7.096 
 7.093 
 7.096 
 7.085 
 7.088 
 7.096 
 7.095 
 7.086 
 7.084 
 7.089 
 7.09 
 7.095 
 7.094 
 7.095 
 7.091 
 7.089 
 7.083 
 7.082 
 7.084 
 7.085 
 7.083 
 7.087 
 7.091 
 7.089 
 7.094 
 7.093 
 7.092 
 7.084 
 7.083 
 7.094 
 7.088 
 7.088 
 7.086 
 7.081 
 7.083 
 7.081 
 7.084 
 7.081 
 7.081 
 7.081 
 7.089 
 7.081 
 7.093 
 7.084 
 7.083 
 7.092 
 7.082 
 7.083 
 7.093 
 7.09 
 7.082 
 7.081 
 7.087 
 7.083 
 7.086 
 7.083 
 7.09 
 7.086 
 7.086 
 7.089 
 7.084 
 7.085 
 7.08 
 7.089 
 7.089 
 7.084 
 7.083 
 7.092 
 7.079 
 7.091 
 7.081 
 7.086 
 7.083 
 7.087 
 7.08 
 7.089 
 7.082 
 7.08 
 7.079 
 7.083 
 7.083 
 7.084 
 7.082 
 7.079 
 7.08 
 7.088 
 7.087 
 7.088 
 7.077 
 7.086 
 7.084 
 7.074 
 7.083 
 7.08 
 7.074 
 7.081 
 7.086 
 7.087 
 7.08 
 7.085 
 7.081 
 7.082 
 7.086 
 7.084 
 7.086 
 7.083 
 7.079 
 7.082 
 7.076 
 7.071 
 7.068 
 7.07 
 7.071 
 7.065 
 7.072 
 7.059 
 7.066 
 7.057 
 7.055 
 7.065 
 7.059 
 7.049 
 7.058 
 7.046 
 7.05 
 7.044 
 7.043 
 7.051 
 7.05 
 7.036 
 7.037 
 7.05 
 7.044 
 7.032 
 7.034 
 7.037 
 7.049 
 7.045 
 7.051 
 7.049 
 7.058 
 7.054 
 7.057 
 7.05 
 7.061 
 7.054 
 7.063 
 7.06 
 7.049 
 7.047 
 7.047 
 7.05 
 7.054 
 7.043 
 7.045 
 7.051 
 7.048 
 7.048 
 7.046 
 7.045 
 7.032 
 7.041 
 7.04 
 7.034 
 7.036 
 7.025 
 7.029 
 7.033 
 7.027 
 7.03 
 7.027 
 7.024 
 7.018 
 7.019 
 7.01 
 7.02 
 7.014 
 7.005 
 7.017 
 7.017 
 7.003 
 7 
 7.006 
 7.006 
 7.002 
 7.003 
 7.004 
 7.005 
 7.003 
 6.998 
 7.003 
 7.002 
 6.993 
 6.989 
 6.988 
 6.989 
 6.984 
 6.985 
 6.988 
 6.99 
 6.992 
 6.984 
 6.982 
 6.978 
 6.987 
 6.984 
 6.983 
 6.975 
 6.982 
 6.981 
 6.982 
 6.983 
 6.98 
 6.978 
 6.978 
 6.98 
 6.977 
 6.974 
 6.977 
 6.967 
 6.964 
 6.966 
 6.968 
 6.971 
 6.974 
 6.971 
 6.962 
 6.965 
 6.968 
 6.965 
 6.971 
 6.957 
 6.968 
 6.967 
 6.959 
 6.964 
 6.965 
 6.959 
 6.959 
 6.959 
 6.962 
 6.963 
 6.961 
 6.96 
 6.953 
 6.952 
 6.951 
 6.949 
 6.952 
 6.947 
 6.946 
 6.944 
 6.947 
 6.949 
 6.945 
 6.953 
 6.943 
 6.941 
 6.938 
 6.937 
 6.949 
 6.943 
 6.935 
 6.933 
 6.943 
 6.943 
 6.949 
 6.935 
 6.943 
 6.934 
 6.933 
 6.944 
 6.931 
 6.942 
 6.941 
 6.93 
 6.93 
 6.935 
 6.939 
 6.941 
 6.937 
 6.933 
 6.939 
 6.927 
 6.926 
 6.927 
 6.926 
 6.931 
 6.935 
 6.926 
 6.937 
 6.923 
 6.933 
 6.934 
 6.928 
 6.928 
 6.927 
 6.923 
 6.925 
 6.92 
 6.931 
 6.918 
 6.918 
 6.918 
 6.927 
 6.929 
 6.916 
 6.926 
 6.916 
 6.914 
 6.913 
 6.921 
 6.926 
 6.913 
 6.923 
 6.916 
 6.948 
 6.951 
 6.952 
 6.968 
 6.972 
 6.968 
 6.961 
 6.971 
 6.972 
 6.972 
 6.966 
 6.961 
 6.963 
 6.971 
 6.96 
 6.963 
 6.961 
 6.965 
 6.97 
 6.97 
 6.959 
 6.97 
 6.966 
 6.961 
 6.963 
 6.955 
 6.966 
 6.969 
 6.96 
 6.958 
 6.956 
 6.956 
 6.958 
 6.962 
 6.965 
 6.967 
 6.967 
 6.961 
 6.96 
 6.963 
 6.965 
 6.961 
 6.957 
 6.962 
 6.96 
 6.958 
 6.96 
 6.961 
 6.963 
 6.953 
 6.963 
 6.96 
 6.954 
 6.954 
 6.961 
 6.963 
 6.956 
 6.964 
 6.963 
 6.964 
 6.953 
 6.962 
 6.962 
 6.955 
 6.964 
 6.963 
 6.951 
 6.952 
 6.949 
 6.962 
 6.952 
 6.954 
 6.96 
 6.96 
 6.953 
 6.955 
 6.955 
 6.949 
 6.952 
 6.962 
 6.956 
 6.956 
 6.953 
 6.952 
 6.949 
 6.96 
 6.956 
 6.959 
 6.959 
 6.956 
 6.947 
 6.949 
 6.951 
 6.95 
 6.953 
 6.965 
 6.973 
 6.98 
 6.983 
 6.998 
 7.016 
 7.028 
 7.036 
 7.025 
 7.023 
 7.023 
