The Collection Interval for this data is: 15 minutes
 7.131 
 7.131 
 7.138 
 7.128 
 7.142 
 7.138 
 7.136 
 7.138 
 7.138 
 7.129 
 7.132 
 7.133 
 7.125 
 7.128 
 7.13 
 7.129 
 7.12 
 7.129 
 7.118 
 7.127 
 7.115 
 7.126 
 7.113 
 7.122 
 7.122 
 7.115 
 7.122 
 7.109 
 7.12 
 7.117 
 7.122 
 7.109 
 7.109 
 7.114 
 7.11 
 7.115 
 7.111 
 7.113 
 7.117 
 7.106 
 7.114 
 7.104 
 7.116 
 7.109 
 7.107 
 7.105 
 7.108 
 7.113 
 7.102 
 7.113 
 7.102 
 7.112 
 7.105 
 7.106 
 7.113 
 7.101 
 7.11 
 7.1 
 7.11 
 7.1 
 7.111 
 7.1 
 7.105 
 7.108 
 7.106 
 7.108 
 7.101 
 7.111 
 7.101 
 7.11 
 7.1 
 7.105 
 7.109 
 7.098 
 7.11 
 7.1 
 7.109 
 7.103 
 7.108 
 7.101 
 7.105 
 7.102 
 7.1 
 7.108 
 7.101 
 7.109 
 7.1 
 7.1 
 7.097 
 7.107 
 7.098 
 7.099 
 7.108 
 7.099 
 7.11 
 7.098 
 7.099 
 7.102 
 7.097 
 7.103 
 7.11 
 7.099 
 7.104 
 7.096 
 7.108 
 7.096 
 7.102 
 7.098 
 7.103 
 7.098 
 7.1 
 7.107 
 7.096 
 7.105 
 7.094 
 7.106 
 7.094 
 7.105 
 7.095 
 7.107 
 7.105 
 7.101 
 7.103 
 7.095 
 7.105 
 7.098 
 7.103 
 7.102 
 7.098 
 7.103 
 7.095 
 7.106 
 7.094 
 7.106 
 7.099 
 7.098 
 7.099 
 7.095 
 7.101 
 7.097 
 7.093 
 7.106 
 7.093 
 7.105 
 7.106 
 7.104 
 7.094 
 7.106 
 7.096 
 7.095 
 7.098 
 7.1 
 7.102 
 7.104 
 7.096 
 7.108 
 7.096 
 7.106 
 7.096 
 7.097 
 7.106 
 7.1 
 7.105 
 7.097 
 7.107 
 7.1 
 7.105 
 7.099 
 7.105 
 7.109 
 7.096 
 7.109 
 7.103 
 7.101 
 7.105 
 7.098 
 7.101 
 7.104 
 7.098 
 7.107 
 7.103 
 7.098 
 7.109 
 7.1 
 7.106 
 7.098 
 7.109 
 7.099 
 7.106 
 7.109 
 7.11 
 7.104 
 7.098 
 7.105 
 7.106 
 7.11 
 7.103 
 7.11 
 7.102 
 7.105 
 7.099 
 7.105 
 7.105 
 7.104 
 7.101 
 7.108 
 7.109 
 7.093 
 7.11 
 7.101 
 7.11 
 7.101 
 7.105 
 7.105 
 7.104 
 7.111 
 7.104 
 7.113 
 7.111 
 7.107 
 7.112 
 7.103 
 7.105 
 7.107 
 7.103 
 7.114 
 7.108 
 7.112 
 7.106 
 7.116 
 7.115 
 7.114 
 7.104 
 7.111 
 7.106 
 7.115 
 7.111 
 7.111 
 7.109 
 7.114 
 7.106 
 7.117 
 7.105 
 7.112 
 7.105 
 7.117 
 7.109 
 7.107 
 7.112 
 7.109 
 7.108 
 7.116 
 7.105 
 7.117 
 7.105 
 7.117 
 7.106 
 7.118 
 7.109 
 7.119 
 7.112 
 7.115 
 7.115 
 7.109 
 7.116 
 7.11 
 7.118 
 7.119 
 7.107 
 7.119 
 7.115 
 7.119 
 7.116 
 7.108 
 7.118 
 7.117 
 7.108 
 7.111 
 7.112 
 7.119 
 7.11 
 7.119 
 7.108 
 7.117 
 7.118 
 7.107 
 7.118 
 7.106 
 7.117 
 7.108 
 7.109 
 7.111 
 7.107 
 7.114 
 7.106 
 7.119 
 7.115 
 7.105 
 7.115 
 7.105 
 7.105 
 7.117 
 7.103 
 7.115 
 7.11 
 7.104 
 7.113 
 7.104 
 7.109 
 7.116 
 7.107 
 7.116 
 7.115 
 7.115 
 7.109 
 7.108 
 7.105 
 7.111 
 7.104 
 7.112 
 7.106 
 7.115 
 7.104 
 7.112 
 7.112 
 7.106 
 7.111 
 7.11 
 7.104 
 7.115 
 7.103 
 7.115 
 7.104 
 7.108 
 7.11 
 7.106 
 7.109 
 7.115 
 7.104 
 7.114 
 7.105 
 7.106 
 7.104 
 7.116 
 7.104 
 7.115 
 7.105 
 7.11 
 7.119 
 7.117 
 7.113 
 7.113 
 7.115 
 7.109 
 7.118 
 7.108 
 7.116 
 7.116 
 7.111 
 7.11 
 7.107 
 7.108 
 7.11 
 7.118 
 7.105 
 7.119 
 7.107 
 7.113 
 7.112 
 7.109 
 7.121 
 7.118 
 7.111 
 7.115 
 7.108 
 7.117 
 7.107 
 7.112 
 7.108 
 7.115 
 7.117 
 7.112 
 7.112 
 7.117 
 7.11 
 7.119 
 7.109 
 7.12 
 7.11 
 7.12 
 7.108 
 7.11 
 7.121 
 7.109 
 7.121 
 7.111 
 7.122 
 7.12 
 7.115 
 7.121 
 7.115 
 7.112 
 7.121 
 7.116 
 7.117 
 7.122 
 7.111 
 7.123 
 7.109 
 7.122 
 7.117 
 7.119 
 7.116 
 7.118 
 7.117 
 7.113 
 7.123 
 7.112 
 7.123 
 7.111 
 7.119 
 7.122 
 7.111 
 7.122 
 7.117 
 7.12 
 7.11 
 7.112 
 7.111 
 7.11 
 7.121 
 7.123 
 7.116 
 7.122 
 7.115 
 7.122 
 7.123 
 7.111 
 7.122 
 7.121 
 7.113 
 7.122 
 7.121 
 7.117 
 7.121 
 7.113 
 7.123 
 7.117 
 7.121 
 7.111 
 7.119 
 7.112 
 7.112 
 7.122 
 7.114 
 7.122 
 7.12 
 7.117 
 7.115 
 7.112 
 7.115 
 7.115 
 7.124 
 7.12 
 7.121 
 7.113 
 7.121 
 7.122 
 7.112 
 7.118 
 7.11 
 7.116 
 7.11 
 7.116 
 7.119 
 7.117 
 7.109 
 7.112 
 7.122 
 7.11 
 7.121 
 7.117 
 7.121 
 7.107 
 7.116 
 7.113 
 7.11 
 7.111 
 7.123 
 7.122 
 7.111 
 7.111 
 7.111 
 7.121 
 7.113 
 7.122 
 7.115 
 7.121 
 7.121 
 7.111 
 7.118 
 7.112 
 7.12 
 7.119 
 7.112 
 7.122 
 7.115 
 7.112 
 7.122 
 7.118 
 7.112 
 7.111 
 7.122 
 7.123 
 7.11 
 7.117 
 7.117 
 7.119 
 7.121 
 7.112 
 7.112 
 7.121 
 7.115 
 7.117 
 7.116 
 7.112 
 7.123 
 7.12 
 7.124 
 7.111 
 7.112 
 7.125 
 7.122 
 7.115 
 7.123 
 7.125 
 7.117 
 7.122 
 7.126 
 7.125 
 7.125 
 7.114 
 7.116 
 7.125 
 7.126 
 7.113 
 7.12 
 7.12 
 7.118 
 7.118 
 7.114 
