The Collection Interval for this data is: 15 minutes
 135.547 
 133.183 
 131.499 
 127.252 
 133.219 
 130.255 
 136.182 
 136.39 
 125.879 
 134.29 
 127.328 
 134.381 
 133.719 
 134.644 
 135.475 
 128.839 
 130.737 
 135.818 
 128.014 
 130.587 
 127.834 
 136.305 
 134.237 
 134.106 
 133.478 
 133.255 
 131.442 
 130.701 
 132.073 
 134.794 
 131.349 
 122.973 
 135.484 
 136.026 
 130.564 
 128.556 
 132.174 
 133.507 
 134.811 
 126.579 
 135.496 
 134.21 
 136.277 
 130.532 
 128.996 
 131.999 
 136.373 
 135.57 
 134.013 
 135.662 
 134.242 
 133.395 
 126.689 
 136.43 
 131.433 
 132.504 
 136.641 
 135.018 
 134.603 
 133.577 
 134.46 
 133.418 
 127.866 
 135.073 
 134.642 
 133.505 
 134.068 
 131.046 
 132.644 
 134.851 
 131.349 
 133.249 
 136.298 
 133.581 
 128.727 
 126.403 
 135.448 
 130.193 
 125.764 
 130.532 
 132.564 
 132.976 
 130.09 
 126.877 
 129.978 
 132.159 
 128.321 
 131.417 
 132.561 
 130.778 
 132.219 
 133.723 
 129.868 
 134.366 
 132.25 
 132.699 
 131.658 
 133.484 
 134.819 
 136.095 
 136.161 
 135.031 
 133.298 
 133.321 
 135.513 
 133.719 
 128.786 
 133.378 
 131.986 
 136.626 
 137.031 
 135.458 
 135.439 
 135.714 
 135.133 
 134.032 
 130.585 
 135.918 
 133.04 
 131.994 
 132.692 
 129.874 
 128.67 
 134.379 
 136.667 
 131.977 
 132.382 
 133.359 
 132.053 
 134.788 
 129.923 
 134.096 
 135.604 
 133.512 
 135.179 
 135.702 
 130.143 
 135.56 
 136.396 
 136.332 
 131.289 
 133.649 
 132.669 
 134.845 
 133.37 
 130.081 
 136.946 
 130.274 
 132.754 
 129.918 
 125.119 
 125.036 
 131.12 
 134.876 
 131.543 
 135.659 
 134.931 
 126.683 
 131.736 
 137.627 
 133.638 
 131.434 
 135.338 
 135.617 
 136.554 
 136.974 
 136.186 
 136.849 
 135.071 
 135.573 
 136.364 
 132.538 
 133.44 
 136.988 
 136.161 
 133.463 
 130.894 
 134.081 
 136.846 
 134.074 
 132.885 
 129.567 
 134.165 
 131.421 
 127.375 
 135.467 
 134.953 
 132.874 
 134.769 
 132.866 
 134.855 
 130.697 
 131.514 
 129.466 
 132.153 
 132.17 
 131.412 
 133.158 
 130.195 
 124.37 
 126.395 
 127.974 
 134.093 
 136.288 
 134.199 
 130.902 
 135.243 
 132.657 
 129.377 
 134.451 
 134.887 
 135.687 
 134.864 
 134.732 
 136.305 
 129.853 
 133.985 
 133.493 
 132.305 
 134.65 
 131.88 
 126.431 
 131.114 
 133.524 
 131.315 
 127.688 
 132.849 
 126.954 
 133.505 
 133.363 
 134.248 
 132.771 
 133.672 
 134.766 
 134.747 
 135.64 
 134.074 
 132.745 
 132.839 
 132.299 
 133.482 
 134.864 
 127.14 
 133.391 
 131.969 
 130.729 
 132.71 
 134.095 
 133.258 
 133.522 
 130.913 
 132.915 
 136.152 
 128.543 
 133.251 
 133.486 
 132.563 
 133.926 
 130.068 
 128.528 
 128.981 
 135.621 
 134.074 
 132.779 
 133.473 
 135.439 
 135.75 
 132.792 
 134.366 
 129.11 
 128.35 
 133.387 
 126.543 
 132.149 
 134.189 
 132.692 
 129.091 
 127.787 
 134.688 
 129.798 
 125.142 
 127.117 
 127.023 
 121.564 
 127.781 
 123.999 
 124.338 
 127.641 
 129.87 
 118.072 
 130.669 
 128.689 
 122.903 
 124.315 
 125.13 
 130.926 
 131.281 
 124.421 
 131.438 
 126.382 
 132.271 
 128.682 
 128.079 
 124.224 
 125.618 
 126.562 
 127.959 
 126.554 
 123.039 
 120.777 
 129.855 
 126.399 
 127.093 
 128.103 
 119.511 
 122.942 
 128.579 
 130.013 
 127.282 
 128.596 
 128.932 
 129.855 
 126.412 
 128.708 
 129.374 
 125.838 
 128.966 
 131.713 
 132.803 
 131.391 
 127.83 
 125.026 
 120.798 
 121.507 
 125.711 
 122.857 
 120.082 
 125.072 
 130.648 
 127.984 
 121.89 
 131.704 
 128.555 
 128.638 
 124.237 
 130.735 
 127.294 
 132.68 
 130.037 
 131.969 
 131.96 
 129.123 
 129.906 
 131.999 
 134.182 
 134.904 
 131.328 
 135.587 
 130.126 
 132.202 
 132.86 
 131.846 
 132.015 
 133.109 
 132.885 
 128.699 
 126.886 
 124.382 
 132.883 
 124.476 
 131.471 
 131.461 
 133.482 
 130.799 
 125.138 
 133.598 
 132.092 
 128.913 
 130.902 
 129.973 
 127.29 
 134.151 
 136.77 
 137.583 
 129.121 
 135.568 
 137.464 
 133.566 
 121.54 
 134.73 
 136.286 
 128.712 
 129.063 
 132.466 
 126.222 
 135.463 
 124.81 
 132.54 
 132.555 
 135.539 
 126.979 
 131.321 
 132.13 
 136.042 
 136.066 
 131.397 
 126.372 
 132.657 
 135.422 
 134.859 
 128.378 
 135.096 
 128.702 
 131.391 
 134.36 
 130.589 
 129.296 
 135.156 
 132.244 
 134.805 
 130.073 
 123.796 
 134.661 
 134.764 
 132.824 
 133.488 
 135.338 
 135.384 
 125.836 
 128.494 
 134.769 
 135.008 
 133.372 
 124.429 
 133.93 
 134.095 
 134.813 
 125.108 
 134.441 
 132.826 
 132.079 
 134.735 
 134.058 
 134.151 
 133.418 
 129.973 
 134.354 
 132.705 
 134.148 
 125.773 
 133.713 
 132.896 
 134.487 
 135.824 
 129.774 
 134.915 
 134.335 
 136.095 
 133.823 
 132.418 
 135.602 
 132.898 
 133.391 
 127.713 
 133.052 
 135.509 
 135.192 
 133.499 
 132.619 
 128.625 
 127.593 
 128.947 
 126.01 
 133.543 
 125.79 
 134.629 
 133.33 
 131.051 
 133.884 
 128.507 
 121.911 
 131.334 
 134.493 
 134.026 
 125.766 
 134.449 
 127.773 
 133.459 
 131.321 
 133.387 
 134.686 
 127.15 
 126.632 
 133.888 
 133.607 
 123.013 
 128.323 
 127.794 
 134.368 
 133.622 
 123.889 
 131.861 
 130.608 
 134.074 
 132.75 
 132.83 
 128.031 
 127.95 
 129.825 
 133.497 
 131.239 
 130.028 
 133.101 
 133.404 
 133.332 
 132.07 
 133.45 
 132.652 
 130.786 
 130.16 
 129.867 
 132.163 
 132.877 
 130.57 
 133.084 
 133.454 
 133.302 
 133.238 
 127.449 
 132.618 
 132.788 
 133.128 
 132.534 
 130.456 
 131.755 
 130.845 
 131.548 
 132.836 
 134.79 
 132.915 
 124.588 
 131.899 
 130.536 
 130.847 
 134.286 
 128.471 
 126.478 
 132.792 
 128.799 
 134.75 
 125.809 
 132.003 
 125.834 
 126.45 
 123.64 
 134.724 
 133.348 
 124.848 
 132.807 
 132.051 
 130.602 
 129.404 
 133.495 
 120.768 
 128.687 
 132.61 
 127.14 
 128.604 
 128.558 
 131.249 
 124.546 
 130.689 
 126.672 
 134.021 
 126.384 
 127.313 
 127.779 
 127.332 
 133.298 
 123.697 
 130.545 
 125.745 
 132.796 
 132.631 
 125.813 
 127.436 
 132.212 
 133.325 
 129.794 
 120.186 
 127.17 
 129.273 
 130.687 
 131.869 
 129.63 
 132.32 
 128.338 
 132.246 
 132.752 
 130.742 
 131.747 
 130.576 
 131.675 
 130.619 
 129.977 
 131.787 
 133.329 
 128.494 
 125.115 
 131.956 
 131.397 
 132.036 
 131.635 
 124.036 
 131.865 
 131.051 
 132.771 
 132.1 
 126.194 
 132.081 
 126.446 
 131.361 
 129.851 
 130.917 
 132.352 
 123.663 
 132.585 
 122.624 
 125.563 
 123.566 
 129.178 
 127.633 
 133.092 
 129.294 
 124.526 
 128.718 
 131.981 
 130.375 
 128.704 
 124.344 
 130.82 
 124.372 
 132.692 
 130.816 
 127.271 
 132.125 
 121.077 
 132.159 
 132.092 
 127.756 
 132.282 
 125.075 
 128.615 
 133.311 
 127.29 
 124.941 
 129.994 
 127.203 
 129.791 
 133.452 
 123.837 
 128.551 
 131.226 
 130.739 
 122.975 
 132.453 
 121.995 
 131.376 
 129.584 
 133.198 
 131.863 
 130.775 
 131.192 
 131.685 
 127.222 
 131.965 
 125.79 
 129.434 
 122.85 
 122.779 
 132.1 
 130.786 
 130.392 
 130.612 
 129.923 
 131.613 
 130.276 
 129.512 
 132.039 
 122.827 
 129.396 
 127.933 
 129.887 
 109.692 
 77.804 
 126.315 
 135.405 
 137.509 
 133.859 
 134.707 
 136.063 
 136.878 
 136.756 
 136.136 
 135.37 
 6.262 
 5.568 
 5.096 
 5.102 
