The Collection Interval for this data is: 15 minutes
 135.698 
 137.189 
 138.556 
 137.283 
 136.99 
 137.725 
 137.767 
 138.747 
 137.653 
 134.39 
 137.553 
 136.188 
 135.691 
 135.511 
 128.022 
 136.305 
 128.727 
 133.293 
 130.456 
 129.971 
 130.068 
 135.224 
 131.493 
 132.164 
 132.411 
 133.029 
 125.676 
 131.45 
 128.234 
 127.91 
 133.552 
 130.82 
 132.115 
 134.314 
 129.988 
 132.015 
 132.91 
 130.542 
 134.84 
 134.21 
 132.269 
 130.119 
 127.172 
 132.822 
 129.309 
 131.505 
 129.942 
 130.686 
 125.967 
 128.93 
 129.948 
 132.178 
 132.307 
 129.484 
 136.292 
 132.875 
 135.678 
 133.603 
 130.708 
 123.562 
 131.336 
 134.168 
 134.84 
 128.221 
 129.741 
 130.771 
 134.413 
 128.367 
 134.988 
 130.993 
 130.166 
 131.412 
 130.885 
 132.927 
 136.267 
 134.168 
 130.174 
 130.625 
 130.807 
 130.179 
 127.899 
 131.478 
 134.989 
 130.109 
 129.241 
 132.885 
 132.801 
 132.204 
 128.566 
 130.727 
 130.96 
 131.63 
 130.769 
 130.687 
 128.752 
 130.659 
 129.622 
 131.472 
 130.864 
 126.852 
 131.505 
 132.024 
 132.98 
 129.812 
 130.005 
 128.625 
 131.139 
 128.6 
 133.037 
 130.009 
 125.826 
 130.289 
 126.632 
 130.86 
 137.318 
 134.904 
 131.914 
 130.088 
 133.226 
 132.257 
 132.898 
 132.877 
 135.604 
 132.206 
 132.553 
 127.157 
 135.865 
 131.34 
 135.528 
 132.225 
 129.734 
 134.22 
 134.462 
 134.953 
 132.898 
 130.145 
 134.337 
 131.84 
 132.054 
 132.855 
 132.758 
 130.801 
 131.05 
 133.514 
 127.263 
 132.756 
 134.974 
 134.963 
 135.518 
 135.714 
 135.042 
 133.423 
 133.647 
 135.539 
 135.407 
 134.343 
 132.426 
 135.662 
 130.052 
 130.047 
 134.893 
 136.616 
 135.736 
 138.146 
 137.126 
 135.547 
 138.455 
 134.976 
 136.231 
 136.207 
 131.368 
 136.99 
 134.868 
 132.735 
 136.493 
 136.373 
 134.678 
 130.314 
 137.583 
 132.743 
 132.312 
 125.932 
 128.259 
 132.185 
 137.583 
 136.707 
 137.048 
 136.37 
 137.96 
 131.091 
 134.201 
 137.177 
 134.711 
 130.439 
 131.613 
 129.264 
 134.305 
 134.189 
 134.98 
 135.685 
 134.423 
 137.797 
 134.982 
 135.247 
 135.033 
 137.282 
 135.674 
 135.626 
 134.347 
 134.826 
 136.148 
 135.035 
 132.743 
 135.535 
 135.968 
 134.413 
 135.573 
 137.111 
 136.846 
 135.668 
 135.78 
 137.85 
 136.846 
 135.846 
 135.041 
 130.744 
 133.852 
 132.352 
 128.697 
 136.337 
 134.229 
 134.153 
 136.999 
 135.293 
 135.691 
 134.421 
 132.185 
 135.833 
 135.59 
 137.64 
 132.906 
 130.888 
 134.326 
 134.565 
 132.934 
 134.862 
 135.024 
 134.557 
 129.302 
 135.19 
 135.702 
 132.625 
 135.573 
 135.52 
 132.858 
 135.213 
 136.536 
 135.37 
 135.177 
 129.98 
 134.129 
 126.577 
 135.522 
 131.313 
 133.732 
 135.738 
 131.01 
 133.541 
 130.056 
 134.843 
 135.704 
 132.695 
 134.915 
 135.268 
 135.547 
 128.073 
 136.436 
 129.341 
 137.147 
 132.335 
 136.328 
 130.811 
 130.437 
 134.589 
 131.389 
 132.917 
 130.93 
 128.342 
 126.224 
 126.594 
 122.901 
 126.448 
 126.077 
 118.155 
 125.796 
 127.895 
 127.174 
 128.344 
 121.778 
 129.817 
 125.887 
 121.991 
 124.213 
 125.248 
 126.63 
 125.111 
 122.656 
 124.99 
 125.036 
 124.338 
 123.688 
 124.789 
 129.275 
 125.233 
 118.481 
 128.52 
 126.636 
 125.398 
 130.485 
 126.666 
 126.82 
 124.95 
 127.806 
 130.359 
 129.178 
 128.621 
 128.534 
 129.082 
 130.217 
 128.469 
 132.145 
 127.254 
 131.249 
 124.249 
 128.09 
 131.215 
 127.078 
 131.323 
 129.22 
 128.141 
 131.442 
 129.537 
 128.572 
 129.273 
 129.922 
 127.428 
 130.306 
 127.99 
 132.885 
 132.394 
 124.486 
 131.732 
 130.392 
 130.835 
 129.916 
 132.111 
 133.258 
 127.425 
 133.607 
 130.763 
 130.052 
 136.171 
 132.219 
 128.05 
 134.938 
 134.972 
 130.923 
 130.784 
 133.497 
 132.822 
 134.912 
 137.107 
 135.135 
 134.732 
 133.933 
 134.273 
 128.501 
 128.729 
 129.51 
 126.983 
 129.836 
 130.718 
 122.973 
 128.627 
 126.816 
 132.777 
 131.351 
 127.487 
 130.068 
 134.303 
 128.797 
 131.96 
 123.945 
 130.79 
 132.741 
 131.647 
 132.693 
 135.228 
 130.888 
 130.763 
 130.037 
 125.949 
 123.951 
 132.593 
 130.134 
 130.035 
 128.539 
 130.65 
 129.472 
 133.327 
 129.999 
 133.385 
 131.281 
 130.068 
 132.834 
 126.541 
 132.875 
 128.001 
 131.332 
 133.086 
 134.288 
 131.347 
 132.87 
 129.946 
 133.315 
 128.674 
 126.607 
 129.283 
 130.487 
 135.625 
 127.87 
 129.266 
 134.079 
 134.859 
 129.396 
 133.323 
 129.666 
 130.852 
 124.476 
 131.981 
 122.487 
 132.018 
 130.494 
 132.855 
 127.99 
 131.541 
 132.202 
 131.884 
 129.321 
 135.647 
 132.845 
 134.265 
 129.321 
 126.7 
 129.831 
 133.338 
 129.758 
 127.595 
 134.991 
 133.056 
 127.819 
 131.046 
 125.741 
 131.444 
 130.67 
 134.953 
 133.037 
 130.617 
 134.062 
 135.96 
 130.538 
 131.192 
 130.794 
 132.722 
 133.148 
 130.877 
 132.134 
 133.467 
 131.29 
 129.271 
 128.041 
 132.549 
 134.859 
 132.096 
 127.83 
 133.457 
 135.369 
 132.075 
 132.104 
 135.678 
 134.216 
 133.99 
 130.077 
 126.526 
 134.239 
 131.495 
 131.865 
 134.083 
 128.513 
 130.943 
 134.769 
 134.275 
 135.196 
 135.492 
 131.569 
 130.433 
 135.477 
 132.161 
 135.725 
 134.76 
 130.608 
 128.242 
 132.862 
 135.456 
 136.713 
 133.484 
 127.946 
 132.54 
 128.215 
 132.709 
 135.376 
 129.055 
 135.888 
 131.281 
 134.402 
 135.638 
 133.626 
 136.362 
 129.666 
 131.419 
 133.071 
 132.183 
 129.91 
 133.399 
 135.649 
 136.956 
 130.005 
 135.279 
 133.414 
 130.043 
 134.472 
 133.001 
 135.714 
 137.088 
 128.452 
 132.058 
 132.775 
 130.602 
 134.095 
 129.459 
 130.921 
