The Collection Interval for this data is: 15 minutes
 30.906 
 30.677 
 78.246 
 107.192 
 130.341 
 151.082 
 174.892 
 202.549 
 229.644 
 248.792 
 263.788 
 277.707 
 288.307 
 295.663 
 299.835 
 304.523 
 305.786 
 305.685 
 306.163 
 305.838 
 305.735 
 306.381 
 306.065 
 306.044 
 306.266 
 306.122 
 305.649 
 306.182 
 305.826 
 305.954 
 306.335 
 306.207 
 306.195 
 306.349 
 305.987 
 306.111 
 306.514 
 305.769 
 306.472 
 306.358 
 306.385 
 306.18 
 306.068 
 306.436 
 306.162 
 305.969 
 306.002 
 305.975 
 305.942 
 305.984 
 305.918 
 306.207 
 306.361 
 306.052 
 306.642 
 306.268 
 306.376 
 306.235 
 306.193 
 305.553 
 306.086 
 306.457 
 306.569 
 305.631 
 305.827 
 305.803 
 306.535 
 306.152 
 306.415 
 306.309 
 305.936 
 306.357 
 306.12 
 306.135 
 306.367 
 306.298 
 305.985 
 306.126 
 306.019 
 305.94 
 306.121 
 306.281 
 306.48 
 305.865 
 305.745 
 306.266 
 306.3 
 306.222 
 305.999 
 306.177 
 306.391 
 306.334 
 306.189 
 305.993 
 305.981 
 306.195 
 305.696 
 306.165 
 305.977 
 306.493 
 306.32 
 306.54 
 306.204 
 306.349 
 306.203 
 306.215 
 306.124 
 306.181 
 306.498 
 306.108 
 305.605 
 306.063 
 305.579 
 305.87 
 306.536 
 306.237 
 306.221 
 306.423 
 306.116 
 306.225 
 306.23 
 306.468 
 306.399 
 306.429 
 306.22 
 305.735 
 306.63 
 305.897 
 306.392 
 306.117 
 306.032 
 306.551 
 306.501 
 306.483 
 306.295 
 306.084 
 306.349 
 306.376 
 306.265 
 306.432 
 306.377 
 306.591 
 306.199 
 306.377 
 306.088 
 306.57 
 306.54 
 306.319 
 306.599 
 306.384 
 306.482 
 306.177 
 306.466 
 306.604 
 306.532 
 306.423 
 306.4 
 306.735 
 306.096 
 305.897 
 306.668 
 306.783 
 306.451 
 306.723 
 306.718 
 306.491 
 306.907 
 306.446 
 306.371 
 306.616 
 306.187 
 306.618 
 306.407 
 306.149 
 306.405 
 306.476 
 306.087 
 306.157 
 306.597 
 306.254 
 306.432 
 305.588 
 306.121 
 306.077 
 306.619 
 306.658 
 306.642 
 306.52 
 306.353 
 306.245 
 306.259 
 306.491 
 306.169 
 305.511 
 306.36 
 305.777 
 306.099 
 305.954 
 306.402 
 306.468 
 306.225 
 306.226 
 306.428 
 306.559 
 306.291 
 306.599 
 306.291 
 306.188 
 305.988 
 306.42 
 306.674 
 306.605 
 306.415 
 306.117 
 306.261 
 306.462 
 306.198 
 306.477 
 306.275 
 306.291 
 305.949 
 306.501 
 306.306 
 306.722 
 306.424 
 306.109 
 306.036 
 306.06 
 306.057 
 306.282 
 306.487 
 306.36 
 306.488 
 305.932 
 306.047 
 306.388 
 306.374 
 306.479 
 306.36 
 306.869 
 306.164 
 306.403 
 306.186 
 306.515 
 305.99 
 306.29 
 306.515 
 306.116 
 306.076 
 306.188 
 306.296 
 306.04 
 306.348 
 306.393 
 306.384 
 306.516 
 306.039 
 306.12 
 306.169 
 306.36 
 306.397 
 305.589 
 306.249 
 306.015 
 306.313 
 306.421 
 306.183 
 305.999 
 305.3 
 306.499 
 306.45 
 305.922 
 306.105 
 306.364 
 306.452 
 305.735 
 306.58 
 305.919 
 306.411 
 306.573 
 306.581 
 305.799 
 305.664 
 306.129 
 305.994 
 306.147 
 306.095 
 305.715 
 305.491 
 306.262 
 305.969 
 306.177 
 306.432 
 305.319 
 306.314 
 306.528 
 306.606 
 306.272 
 305.607 
 306.392 
 306.193 
 305.925 
 306.003 
 306.404 
 306.368 
 306.381 
 305.912 
 306.099 
 306.258 
 306.175 
 305.986 
 306.083 
 306.586 
 306.346 
 305.718 
 306.637 
 306.309 
 306.234 
 306.7 
 306.164 
 306.188 
 306.411 
 306.375 
 306.387 
 306.555 
 306.493 
 306.408 
 306.371 
 306.456 
 306.504 
 306.692 
 306.288 
 306.55 
 305.758 
 306.39 
 306.605 
 306.219 
 306.17 
 306.19 
 306.084 
 306.557 
 306.254 
 306.062 
 306.069 
 306.466 
 305.966 
 306.264 
 306.153 
 306.367 
 306.488 
 305.743 
 306.392 
 306.055 
 306.181 
 305.876 
 306.163 
 306.298 
 306.049 
 306.04 
 306.525 
 306.201 
 306.52 
 306.091 
 305.407 
 306.357 
 306.245 
 306.109 
 306.021 
 305.941 
 306.299 
 306.367 
 306.405 
 306.27 
 305.932 
 306.476 
 306.205 
 306.318 
 306.052 
 306.378 
 306.29 
 306.552 
 306.202 
 305.443 
 306.22 
 306.274 
 306.5 
 306.271 
 305.976 
 306.331 
 306.485 
 306.088 
 306.314 
 305.679 
 306.091 
 306.281 
 306.151 
 306.219 
 306.455 
 306.042 
 306.137 
 306.086 
 305.955 
 305.81 
 306.518 
 306.173 
 306.39 
 306.268 
 306.046 
 306.309 
 306.448 
 306.325 
 306.328 
 306.272 
 306.113 
 306.19 
 305.876 
 306.228 
 305.961 
 306.125 
 306.289 
 306.306 
 306.254 
 306.502 
 306.392 
 306.442 
 306.27 
 305.909 
 306.031 
 306.154 
 306.603 
 305.979 
 306.446 
 306.454 
 306.201 
 305.962 
 306.309 
 306.321 
 306.294 
 305.787 
 306.487 
 305.738 
 306.543 
 306.094 
 306.535 
 305.864 
 306.343 
 306.649 
 306.339 
 305.961 
 306.151 
 306.378 
 306.516 
 306.221 
 305.658 
 306.147 
 306.088 
 305.891 
 305.776 
 306.461 
 306.828 
 306.312 
 305.955 
 305.655 
 306.001 
 306.016 
 306.33 
 306.563 
 306.119 
 306.363 
 306.655 
 306.401 
 306.303 
 306.35 
 306.442 
 306.186 
 306.058 
 306.11 
 306.202 
 305.961 
 306.092 
 305.742 
 306.287 
 306.273 
 306.452 
 305.917 
 306.399 
 306.413 
 306.394 
 306.334 
 306.56 
 306.229 
 306.188 
 305.809 
 305.784 
 306.355 
 306.138 
 305.951 
 306.307 
 305.836 
 305.941 
 306.466 
 306.264 
 306.2 
 306.342 
 306.25 
 306.147 
 306.4 
 306.064 
 306.298 
 306.255 
 306.056 
 305.894 
 306.186 
 306.362 
 306.772 
 306.311 
 306.197 
 305.955 
 305.873 
 305.949 
 306.365 
 306.55 
 306.745 
 305.94 
 306.166 
 306.236 
 306.258 
 306.261 
 305.635 
 305.845 
 306.022 
 306.152 
 305.891 
 305.953 
 306.308 
 306.546 
 305.97 
 306.482 
 306.329 
 306.133 
 306.564 
 306.423 
 306.463 
 306.749 
 306.053 
 306.36 
 306.355 
 306.222 
 306.032 
 305.924 
 306.177 
