The Collection Interval for this data is: 15 minutes
 308.103 
 307.813 
 307.521 
 307.151 
 307.501 
 307.647 
 307.881 
 307.588 
 307.311 
 307.789 
 307.318 
 307.969 
 307.435 
 308.047 
 307.906 
 307.317 
 307.576 
 307.78 
 307.644 
 307.398 
 307.009 
 307.877 
 307.653 
 307.852 
 307.915 
 307.31 
 307.894 
 307.617 
 307.626 
 307.767 
 307.535 
 306.858 
 307.688 
 307.697 
 307.212 
 307.326 
 307.377 
 307.525 
 307.335 
 307.064 
 307.775 
 307.563 
 307.774 
 307.741 
 307.677 
 307.558 
 307.849 
 307.449 
 308.003 
 307.61 
 307.838 
 307.738 
 307.197 
 307.807 
 307.584 
 307.561 
 307.639 
 307.767 
 307.826 
 307.912 
 307.978 
 308.065 
 307.223 
 308.176 
 308.047 
 307.603 
 307.979 
 307.552 
 307.5 
 307.822 
 307.81 
 307.812 
 307.707 
 307.534 
 307.532 
 307.42 
 307.804 
 307.778 
 307.431 
 308.016 
 307.949 
 308.344 
 307.837 
 307.614 
 307.57 
 307.662 
 307.646 
 307.999 
 307.871 
 307.719 
 307.885 
 308.194 
 307.795 
 307.985 
 307.554 
 307.741 
 307.919 
 307.854 
 308.145 
 308.277 
 307.841 
 307.737 
 307.966 
 307.684 
 307.501 
 307.69 
 307.527 
 308.128 
 307.686 
 308.05 
 307.772 
 307.745 
 307.862 
 308.193 
 307.7 
 307.748 
 307.631 
 308.105 
 307.648 
 307.641 
 307.641 
 307.526 
 307.409 
 307.583 
 307.981 
 307.722 
 307.993 
 307.369 
 307.861 
 308.029 
 307.308 
 307.573 
 307.816 
 307.846 
 307.92 
 307.964 
 307.421 
 307.905 
 307.628 
 307.917 
 307.715 
 307.717 
 307.671 
 308 
 307.545 
 307.56 
 307.75 
 307.25 
 307.476 
 307.542 
 307.321 
 307.305 
 307.515 
 307.512 
 308.175 
 307.821 
 307.748 
 307.495 
 307.299 
 307.79 
 307.857 
 307.569 
 307.744 
 307.565 
 307.758 
 308.062 
 307.556 
 307.815 
 307.616 
 307.864 
 307.679 
 307.563 
 307.409 
 307.858 
 307.572 
 307.723 
 307.534 
 307.892 
 308.178 
 307.844 
 308.098 
 307.312 
 307.806 
 307.637 
 307.33 
 308.019 
 307.733 
 307.94 
 308.042 
 307.572 
 308.059 
 307.707 
 307.598 
 307.417 
 307.746 
 307.492 
 307.211 
 307.826 
 307.497 
 307.151 
 306.963 
 307.557 
 307.617 
 307.81 
 307.527 
 307.346 
 307.864 
 307.755 
 307.538 
 307.761 
 307.653 
 307.454 
 307.798 
 307.521 
 308.122 
 307.423 
 307.39 
 307.715 
 307.465 
 307.917 
 307.772 
 307.318 
 307.513 
 307.724 
 307.783 
 307.123 
 307.974 
 307.167 
 307.98 
 307.76 
 308.086 
 307.676 
 307.799 
 307.841 
 308.073 
 307.937 
 307.766 
 307.242 
 307.735 
 307.485 
 307.977 
 307.894 
 307.561 
 307.817 
 307.732 
 307.992 
 307.827 
 307.947 
 308.11 
 307.863 
 307.406 
 307.993 
 307.87 
 307.656 
 307.816 
 307.906 
 308.047 
 307.857 
 307.382 
 307.637 
 307.234 
 307.638 
 307.674 
 307.597 
 308.178 
 308.13 
 308.091 
 307.558 
 308.099 
 307.585 
 307.698 
 307.907 
 307.926 
 307.646 
 307.758 
 307.453 
 307.751 
 307.648 
 307.859 
 307.326 
 307.557 
 307.647 
 307.599 
 307.391 
 307.495 
 307.777 
 307.322 
 307.838 
 307.839 
 306.999 
 307.892 
 308.075 
 307.626 
 307.575 
 307.481 
 307.921 
 307.567 
 307.328 
 307.579 
 307.303 
 307.81 
 307.791 
 307.524 
 307.607 
 307.586 
 307.572 
 307.737 
 307.475 
 307.417 
 307.125 
 307.942 
 307.538 
 307.574 
 307.559 
 307.164 
 307.029 
 307.79 
 307.848 
 307.827 
 307.603 
 307.93 
 307.927 
 307.12 
 307.943 
 307.569 
 307.662 
 307.879 
 308.04 
 307.542 
 307.733 
 307.802 
 307.787 
 307.471 
 307.565 
 307.498 
 307.583 
 307.412 
 307.513 
 308.248 
 307.916 
 307.312 
 308.085 
 307.655 
 307.818 
 307.371 
 307.742 
 308.006 
 307.889 
 307.883 
 308.004 
 308.224 
 307.784 
 308.017 
 308.079 
 308.016 
 307.968 
 307.847 
 308.254 
 307.982 
 307.74 
 307.89 
 307.64 
 307.697 
 307.929 
 308.159 
 307.28 
 307.591 
 307.364 
 308 
 307.416 
 307.994 
 307.886 
 308.106 
 307.627 
 307.669 
 307.976 
 307.871 
 307.887 
 307.965 
 307.445 
 307.786 
 307.889 
 307.781 
 307.828 
 307.148 
 307.325 
 307.107 
 308.253 
 307.357 
 307.953 
 307.826 
 307.696 
 307.223 
 307.885 
 308.264 
 307.349 
 307.631 
 307.945 
 308.395 
 308.046 
 307.337 
 308.261 
 307.981 
 307.824 
 308.309 
 308.015 
 308.043 
 308.333 
 308.511 
 308.201 
 307.985 
 307.702 
 308.199 
 308.401 
 308.037 
 307.298 
 307.485 
 307.979 
 307.595 
 308.002 
 308.031 
 307.422 
 308.051 
 308.091 
 308.527 
 307.524 
 307.981 
 308.238 
 307.818 
 307.616 
 308.094 
 307.595 
 307.771 
 308.111 
 308.941 
 307.571 
 308.184 
 307.217 
 308.62 
 308.075 
 307.821 
 308.287 
 308.056 
 308.126 
 308.974 
 308.007 
 308.168 
 307.66 
 308.196 
 308.13 
 307.452 
 307.642 
 308.244 
 307.919 
 308.261 
 307.966 
 307.821 
 307.718 
 308.109 
 307.976 
 307.699 
 308.331 
 307.818 
 308.07 
 308.013 
 308.386 
 308.226 
 308.713 
 307.975 
 307.269 
 308.119 
 307.812 
 306.82 
 306.955 
 307.489 
 307.921 
 307.604 
 307.927 
 307.764 
 307.836 
 307.468 
 307.888 
 307.475 
 308.117 
 308.346 
 307.677 
 307.812 
 307.894 
 308.246 
 308.047 
 307.71 
 307.668 
 307.002 
 306.937 
 308.274 
 308.298 
 307.028 
 307.321 
 308.002 
 307.984 
 307.601 
 307.46 
 308.454 
 307.933 
 307.915 
 307.607 
 307.637 
 307.291 
 307.589 
 308.17 
 308.301 
 308.058 
 308.48 
 308.154 
 307.598 
 308.212 
 308.154 
 307.444 
 308.41 
 308.449 
 308.328 
 307.363 
 307.98 
 308.13 
 308.11 
 307.986 
 308.048 
 307.714 
 307.446 
 308.37 
 308.348 
 307.108 
 307.883 
 307.423 
 307.867 
 308.154 
 308.44 
 307.832 
 307.413 
 307.977 
 307.525 
 307.708 
 307.801 
 307.574 
 308.081 
 307.468 
 307.316 
 307.917 
 308.168 
 307.38 
 307.655 
 308.622 
 307.704 
 307.507 
 306.985 
 307.664 
 308.039 
 307.683 
 307.393 
 307.617 
 308.085 
 308.218 
 307.777 
 307.548 
 307.37 
 307.791 
 308.225 
 306.688 
 307.331 
 306.817 
 306.747 
 307.275 
 307.614 
 308.077 
 307.622 
 308 
 307.794 
 307.882 
 307.861 
 308.16 
 307.915 
 307.8 
 307.7 
 307.964 
 307.099 
 307.955 
 307.471 
 307.502 
 307.373 
 307.33 
 308.173 
 307.97 
 307.738 
 308.12 
 307.171 
 307.971 
 307.742 
 307.865 
 307.754 
 307.893 
 307.369 
 307.553 
 307.986 
 308.658 
 307.72 
 308.052 
 308.104 
 307.942 
 307.422 
 307.838 
 307.654 
 307.042 
 308.287 
 307.062 
 308.327 
 308.245 
 307.641 
 307.492 
 307.281 
 307.994 
 307.798 
 307.723 
 308.425 
 307.732 
 308.105 
 307.409 
 307.994 
 307.414 
 307.22 
 308.665 
 308.112 
 308.038 
 308.034 
 308.068 
 307.332 
 307.942 
 308.595 
 307.594 
 307.187 
 308.183 
 308.176 
 307.573 
 308.091 
 307.678 
 307.861 
 308.305 
 307.174 
 307.933 
 308.001 
 307.6 
 308.198 
 307.728 
 307.885 
 308.168 
 308.149 
 307.545 
 307.25 
 307.603 
 307.348 
 307.803 
 308.163 
 307.849 
 308.356 
 307.871 
 307.353 
 307.705 
 306.928 
 308.23 
 307.302 
 307.726 
 308.049 
 307.669 
 308.596 
 308.23 
 308.369 
 307.781 
 307.933 
 308.739 
 308.047 
 308.34 
 308.355 
 307.611 
 307.484 
 307.578 
 308.045 
 308.923 
 307.569 
 308.425 
 308.265 
 307.949 
 308.178 
 308.494 
 307.496 
 304.606 
 278.628 
 258.135 
 225.969 
 196.736 
 174.758 
 154.848 
 134.404 
 115.357 
 100.529 
 88.85 
 115.353 
 101.763 
 89.412 
 79.326 
 70.817 
