The Collection Interval for this data is: 15 minutes
 33.634 
 34.18 
 78.465 
 107.561 
 130.695 
 151.807 
 175.855 
 203.92 
 231.239 
 250.286 
 265.289 
 279.293 
 289.978 
 297.326 
 301.488 
 306.251 
 307.551 
 307.484 
 307.977 
 307.554 
 307.254 
 308.233 
 307.767 
 307.896 
 307.978 
 307.956 
 307.346 
 307.985 
 307.624 
 307.868 
 308.085 
 307.979 
 307.985 
 308.063 
 307.683 
 308.006 
 308.208 
 307.494 
 308.274 
 307.933 
 308.162 
 307.967 
 308.105 
 308.123 
 308.063 
 307.78 
 307.741 
 307.894 
 307.692 
 307.75 
 307.647 
 308.054 
 308.066 
 307.847 
 308.483 
 308.076 
 308.007 
 307.922 
 308.007 
 307.287 
 307.884 
 308.012 
 308.169 
 307.295 
 307.56 
 307.554 
 308.084 
 307.898 
 308.217 
 307.921 
 307.741 
 308.196 
 307.889 
 307.97 
 308.073 
 308.025 
 307.756 
 307.892 
 307.728 
 307.543 
 307.838 
 308.068 
 308.228 
 307.481 
 307.505 
 307.854 
 308.114 
 308.066 
 307.737 
 308.09 
 308.072 
 307.856 
 308.012 
 307.765 
 307.762 
 307.936 
 307.562 
 307.829 
 307.546 
 308.393 
 308.067 
 308.329 
 307.877 
 308.045 
 307.92 
 307.962 
 307.928 
 307.984 
 308.005 
 307.819 
 307.597 
 307.727 
 307.243 
 307.509 
 308.383 
 308.108 
 308.156 
 308.087 
 307.979 
 307.924 
 307.812 
 308.385 
 308.125 
 308.103 
 307.961 
 307.392 
 308.318 
 307.632 
 308.194 
 307.795 
 307.735 
 308.241 
 308.319 
 308.343 
 308.156 
 307.883 
 308.157 
 308.103 
 307.841 
 308.102 
 308.192 
 308.288 
 308.071 
 308.038 
 307.819 
 308.38 
 308.199 
 308.16 
 308.461 
 308.078 
 308.129 
 307.942 
 308.304 
 308.437 
 308.114 
 308.062 
 308.095 
 308.3 
 307.986 
 307.613 
 308.423 
 308.466 
 308.243 
 308.414 
 308.274 
 308.243 
 308.593 
 308.322 
 308.084 
 308.274 
 308.06 
 308.497 
 308.117 
 308.002 
 308.148 
 308.091 
 308.037 
 307.873 
 308.316 
 307.994 
 308.117 
 307.497 
 307.891 
 307.882 
 308.392 
 308.26 
 308.464 
 308.29 
 308.056 
 307.911 
 307.884 
 308.225 
 307.799 
 307.268 
 308.045 
 307.688 
 307.914 
 307.763 
 308.247 
 308.174 
 307.989 
 307.965 
 308.232 
 308.227 
 308.003 
 308.361 
 308.138 
 308.111 
 307.8 
 308.244 
 308.444 
 308.267 
 308.239 
 307.848 
 308.044 
 308.213 
 307.899 
 308.141 
 307.933 
 308.191 
 307.814 
 308.187 
 307.91 
 308.447 
 308.105 
 307.766 
 307.832 
 307.853 
 307.863 
 308.238 
 308.601 
 308.162 
 308.29 
 307.564 
 307.808 
 308.039 
 308.305 
 308.272 
 308.239 
 308.444 
 307.88 
 308.239 
 308.137 
 308.234 
 307.69 
 308.057 
 308.2 
 307.859 
 307.892 
 307.931 
 307.967 
 307.871 
 307.97 
 308.19 
 308.187 
 308.392 
 307.838 
 307.838 
 307.905 
 307.952 
 308.186 
 307.299 
 308.013 
 307.755 
 308.008 
 308.132 
 307.915 
 307.684 
 307.03 
 308.216 
 308.151 
 307.511 
 307.982 
 308.222 
 308.078 
 307.534 
 308.33 
 307.716 
 307.97 
 308.347 
 308.388 
 307.571 
 307.237 
 308.018 
 307.816 
 307.941 
 307.806 
 307.538 
 307.3 
 308.131 
 307.596 
 308.038 
 308.162 
 307.126 
 308.038 
 308.047 
 308.372 
 308.038 
 307.288 
 308.049 
 307.796 
 307.54 
 307.781 
 308.284 
 308.001 
 308.089 
 307.717 
 307.792 
 307.811 
 307.917 
 307.737 
 307.915 
 308.098 
 307.924 
 307.49 
 308.497 
 307.982 
 308.105 
 308.473 
 308.003 
 307.963 
 308.096 
 308.274 
 308.12 
 308.433 
 308.211 
 308.15 
 308.088 
 308.348 
 308.336 
 308.212 
 308.022 
 308.238 
 307.619 
 308.095 
 308.333 
 307.911 
 307.843 
 307.803 
 307.821 
 308.234 
 307.982 
 307.804 
 307.904 
 308.241 
 307.56 
 307.765 
 307.991 
 307.973 
 308.217 
 307.442 
 308.069 
 307.515 
 307.899 
 307.545 
 308.055 
 308.206 
 307.754 
 307.657 
 308.139 
 307.923 
 308.217 
 307.92 
 307.092 
 308.016 
 307.98 
 307.902 
 307.652 
 307.663 
 307.918 
 308.209 
 308.068 
 307.958 
 307.858 
 308.026 
 307.859 
 308.064 
 307.751 
 308.235 
 307.951 
 308.189 
 307.905 
 307.155 
 307.886 
 308.088 
 308.185 
 307.944 
 307.896 
 308.149 
 308.004 
 307.835 
 308.202 
 307.422 
 307.878 
 308.186 
 308.008 
 307.974 
 308.152 
 307.782 
 307.925 
 307.813 
 307.759 
 307.632 
 308.525 
 307.859 
 308.178 
 307.877 
 307.869 
 307.941 
 308.224 
 308.07 
 307.99 
 308.259 
 307.815 
 308.104 
 307.67 
 307.88 
 307.664 
 308.009 
 308.169 
 308.203 
 308.043 
 308.12 
 308.188 
 308.025 
 308.108 
 307.722 
 307.948 
 307.982 
 308.351 
 307.603 
 308.356 
 308.431 
 308.09 
 307.68 
 307.939 
 308.038 
 308.09 
 307.478 
 308.252 
 307.721 
 308.354 
 307.784 
 308.304 
 307.781 
 308.066 
 308.258 
 308.008 
 307.819 
 307.86 
 308.237 
 308.151 
 308.085 
 307.603 
 308.11 
 308.122 
 307.767 
 307.547 
 308.047 
 308.479 
 308.056 
 307.762 
 307.323 
 307.692 
 307.863 
 308.035 
 308.287 
 307.764 
 308.017 
 308.315 
 308.121 
 307.973 
 308.008 
 308.252 
 308.055 
 307.641 
 307.746 
 307.953 
 307.597 
 307.937 
 307.411 
 308.038 
 308.032 
 308.073 
 307.786 
 308.122 
 308.138 
 307.973 
 307.979 
 308.31 
 307.84 
 307.951 
 307.476 
 307.557 
 308.043 
 307.868 
 307.744 
 308.07 
 307.654 
 307.749 
 308.262 
 307.798 
 307.951 
 308.12 
 307.808 
 307.933 
 308.079 
 307.778 
 307.867 
 308.049 
 307.826 
 307.717 
 307.88 
 308.113 
 308.416 
 307.976 
 307.954 
 307.887 
 307.712 
 307.649 
 308.079 
 308.127 
 308.383 
 307.734 
 307.875 
 308.125 
 308.179 
 308.019 
 307.298 
 307.722 
 307.593 
 307.9 
 307.655 
 307.555 
 307.954 
 308.337 
 307.56 
 308.111 
 307.928 
 307.793 
 308.26 
 308.23 
 308.176 
 308.468 
 307.86 
 308.147 
 308.122 
 308.074 
 307.829 
 307.701 
 307.8 
