The Collection Interval for this data is: 15 minutes
 308.184 
 307.994 
 307.585 
 307.201 
 307.698 
 307.635 
 308.072 
 307.826 
 307.584 
 308.036 
 307.474 
 308.266 
 307.814 
 308.194 
 307.977 
 307.431 
 307.744 
 308.111 
 307.582 
 307.358 
 307.243 
 307.999 
 307.692 
 308.174 
 307.942 
 307.74 
 307.905 
 307.785 
 307.97 
 307.966 
 307.598 
 307.173 
 307.907 
 307.81 
 307.328 
 307.404 
 307.5 
 307.789 
 307.542 
 307.223 
 307.892 
 307.747 
 307.804 
 307.792 
 307.805 
 307.774 
 308.216 
 307.795 
 308.099 
 307.911 
 307.964 
 308.09 
 307.296 
 307.937 
 307.885 
 307.711 
 307.949 
 307.987 
 307.892 
 307.902 
 308.07 
 307.994 
 307.453 
 308.293 
 308.24 
 307.87 
 308.303 
 307.988 
 307.682 
 308.155 
 308.16 
 307.995 
 307.991 
 307.786 
 307.699 
 307.583 
 307.946 
 308.023 
 307.695 
 307.992 
 308.161 
 308.43 
 308.055 
 307.917 
 307.839 
 308.023 
 307.877 
 308.293 
 307.898 
 308.3 
 308.001 
 307.883 
 307.822 
 308.177 
 307.655 
 307.888 
 308.126 
 308.082 
 308.34 
 308.517 
 307.848 
 308.122 
 308.242 
 307.767 
 307.792 
 307.969 
 307.687 
 308.316 
 308.042 
 308.239 
 308.062 
 308.1 
 307.959 
 308.4 
 307.957 
 307.768 
 307.811 
 308.266 
 307.619 
 307.778 
 307.929 
 307.718 
 307.579 
 307.694 
 308.086 
 307.911 
 307.983 
 307.618 
 307.971 
 308.088 
 307.549 
 307.901 
 308.16 
 307.845 
 307.959 
 308.212 
 307.689 
 308.08 
 307.896 
 307.965 
 307.562 
 307.839 
 307.984 
 308.165 
 307.67 
 307.71 
 308.08 
 307.462 
 307.691 
 307.598 
 307.506 
 307.249 
 307.665 
 307.819 
 308.189 
 307.972 
 308.148 
 307.756 
 307.512 
 308.097 
 307.94 
 307.662 
 307.919 
 308.037 
 308.125 
 308.191 
 307.748 
 307.944 
 307.911 
 308.073 
 307.983 
 307.661 
 307.574 
 307.884 
 307.815 
 307.782 
 307.589 
 307.87 
 308.314 
 307.992 
 308.267 
 307.516 
 308.049 
 307.779 
 307.41 
 308.295 
 307.828 
 308.08 
 308.18 
 307.884 
 308.217 
 307.814 
 307.915 
 307.419 
 307.594 
 307.811 
 307.433 
 307.909 
 307.71 
 307.207 
 307.022 
 307.887 
 307.86 
 308.216 
 307.673 
 307.571 
 307.955 
 307.826 
 307.697 
 307.956 
 307.802 
 307.92 
 307.848 
 307.834 
 308.202 
 307.672 
 307.618 
 307.871 
 307.823 
 307.946 
 308.088 
 307.48 
 307.636 
 307.811 
 307.958 
 307.25 
 308.109 
 307.25 
 308.311 
 308.118 
 308.088 
 307.938 
 307.951 
 307.96 
 308.078 
 308.18 
 308.033 
 307.626 
 307.731 
 307.777 
 307.967 
 308.087 
 307.798 
 307.891 
 308.006 
 308.043 
 307.986 
 308.003 
 308.076 
 308.25 
 307.477 
 308.001 
 308.071 
 307.751 
 308.188 
 308.134 
 308.381 
 307.965 
 307.412 
 307.719 
 307.481 
 307.917 
 307.767 
 307.879 
 308.171 
 308.446 
 308.277 
 308.048 
 308.142 
 307.8 
 307.668 
 308.1 
 308.101 
 308.227 
 307.884 
 307.561 
 307.829 
 307.828 
 307.955 
 307.834 
 307.778 
 307.634 
 307.706 
 307.508 
 307.715 
 307.969 
 307.544 
 307.866 
 307.918 
 307.193 
 308.063 
 308.038 
 307.562 
 307.502 
 307.459 
 308.23 
 307.993 
 307.457 
 307.767 
 307.633 
 307.851 
 307.989 
 307.956 
 307.778 
 307.621 
 307.715 
 307.944 
 307.676 
 307.585 
 307.293 
 308.14 
 307.881 
 307.67 
 307.935 
 307.145 
 307.308 
 307.889 
 307.877 
 307.998 
 307.789 
 308.116 
 308.061 
 307.541 
 307.951 
 307.881 
 307.8 
 308.145 
 308.355 
 307.978 
 307.856 
 307.792 
 307.804 
 307.607 
 307.855 
 307.662 
 307.791 
 307.548 
 307.745 
 308.366 
 308.305 
 307.488 
 308.236 
 307.888 
 307.933 
 307.62 
 307.95 
 308.049 
 308.04 
 308.056 
 308.303 
 308.587 
 308.104 
 308.399 
 308.252 
 308.138 
 308.251 
 307.989 
 308.392 
 308.274 
 307.966 
 308.107 
 307.899 
 307.911 
 308.183 
 308.372 
 307.545 
 307.398 
 307.485 
 308.196 
 307.569 
 308.305 
 307.853 
 308.223 
 307.645 
 307.636 
 308.133 
 308.085 
 307.928 
 308.018 
 307.633 
 307.874 
 307.997 
 308.019 
 307.948 
 307.403 
 307.461 
 308.433 
 310.057 
 309.502 
 311.67 
 312.451 
 312.191 
 311.405 
 311.928 
 311.976 
 313.175 
 310.981 
 312.505 
 312.74 
 313.144 
 311.488 
 313.134 
 312.437 
 313.603 
 313.507 
 312.49 
 311.788 
 312.963 
 313.397 
 313.439 
 312.086 
 313.478 
 312.532 
 312.667 
 313.445 
 312.031 
 312.08 
 313.351 
 313.065 
 312.94 
 312.349 
 311.134 
 313.306 
 312.517 
 312.848 
 311.845 
 312.794 
 312.675 
 310.695 
 311.47 
 312.514 
 312.199 
 312.948 
 310.663 
 312.1 
 312.225 
 312.445 
 310.917 
 312.335 
 312.594 
 311.889 
 312.94 
 312.359 
 312.33 
 312.765 
 311.837 
 313.34 
 312.3 
 312.602 
 311.517 
 311.63 
 312.032 
 312.611 
 312.242 
 313.235 
 313.051 
 312.606 
 312.228 
 312.583 
 312.255 
 312.565 
 312.804 
 312.041 
 312.092 
 312.478 
 312.98 
 313.047 
 313.365 
 312.219 
 311.375 
 312.409 
 311.574 
 311.381 
 312.393 
 311.645 
 312.871 
 312.455 
 313.085 
 312.603 
 312.533 
 311.192 
 311.774 
 312.618 
 312.937 
 311.894 
 312.753 
 311.436 
 312.967 
 312.5 
 313.058 
 313.012 
 311.907 
 311.43 
 312.732 
 313.728 
 310.983 
 312.096 
 311.879 
 312.666 
 313.003 
 311.566 
 312.693 
 312.726 
 312.217 
 313.118 
 312.084 
 311.464 
 311.807 
 312.548 
 313.126 
 313.084 
 312.068 
 312.532 
 313.282 
 313.109 
 313.605 
 313.788 
 313.048 
 313.531 
 312.899 
 313.287 
 312.122 
 312.724 
 312.756 
 312.057 
 312.261 
 312.559 
 313.185 
 312.025 
 312.648 
 313.424 
 313.15 
 312.375 
 312.311 
 312.235 
 312.647 
 312.708 
 312.702 
 312.974 
 312.536 
 311.12 
 312.308 
 312.491 
 311.684 
 312.913 
 311.774 
 311.744 
 312.317 
 312.922 
 312.947 
 311.418 
 313.234 
 310.838 
 311.041 
 310.01 
 312.84 
 312.988 
 310.977 
 312.082 
 311.897 
 312.515 
 312.417 
 312.718 
 309.742 
 311.645 
 311.726 
 312.126 
 310.547 
 311.184 
 311.118 
 310.186 
 311.337 
 310.858 
 313.11 
 311.534 
 311.98 
 312.728 
 311.255 
 312.594 
 310.708 
 312.562 
 310.775 
 311.696 
 311.945 
 311.533 
 311.758 
 313.116 
 313.029 
 313.033 
 311.194 
 312.336 
 313.072 
 313.756 
 313.643 
 312.249 
 313.471 
 312.394 
 313.276 
 313.118 
 312.784 
 312.214 
 312.372 
 312.878 
 313.877 
 313.084 
 313.506 
 313.304 
 312.259 
 312.312 
 313.262 
 312.788 
 312.462 
 313.416 
 311.696 
 314.015 
 313.381 
 312.437 
 312.858 
 311.881 
 312.854 
 311.444 
 313.251 
 312.901 
 313.206 
 312.891 
 311.289 
 313.172 
 311.734 
 311.589 
 312.514 
 313.327 
 312.462 
 313.01 
 312.144 
 311.169 
 312.353 
 314.428 
 313.009 
 312.547 
 311.478 
 312.835 
 311.507 
 312.58 
 313.358 
 312.176 
 313.928 
 311.592 
 313.458 
 313.342 
 311.552 
 313.196 
 312.214 
 312.121 
 312.868 
 312.421 
 311.522 
 312.064 
 311.609 
 312.428 
 312.486 
 311.944 
 311.896 
 312.655 
 312.087 
 311.482 
 313.24 
 310.45 
 312.684 
 312.629 
 312.797 
 312.607 
 312.341 
 312.627 
 312.041 
 312.545 
 313.21 
 311.972 
 312.646 
 311.074 
 310.534 
 312.643 
 310.53 
 311.332 
 312.272 
 312.5 
 313.021 
 311.763 
 311.866 
 312.435 
 311.79 
 312.789 
 312.091 
 312.266 
 305.372 
 278.428 
 258.455 
 226.028 
 196.885 
 174.902 
 156.743 
 137.211 
 118.334 
 103.461 
 91.542 
 116.1 
 103.021 
 90.91 
 80.494 
 71.631 
