The Collection Interval for this data is: 15 minutes
 35.197 
 35.734 
 77.77 
 106.952 
 130.418 
 151.698 
 176.125 
 203.979 
 231.464 
 250.295 
 265.274 
 279.244 
 289.535 
 297.125 
 301.628 
 305.833 
 307.211 
 307.285 
 307.766 
 307.386 
 307.17 
 307.897 
 307.611 
 307.578 
 307.64 
 307.487 
 307.335 
 307.86 
 307.553 
 307.627 
 307.821 
 307.709 
 307.603 
 307.793 
 307.492 
 307.781 
 307.986 
 307.35 
 307.98 
 307.841 
 307.995 
 307.715 
 307.844 
 307.805 
 307.878 
 307.459 
 307.483 
 307.612 
 307.594 
 307.45 
 307.426 
 307.769 
 307.733 
 307.425 
 308.077 
 307.921 
 307.86 
 307.583 
 307.734 
 307.08 
 307.609 
 307.851 
 307.923 
 307.245 
 307.058 
 307.474 
 307.986 
 307.704 
 307.775 
 307.808 
 307.522 
 307.822 
 307.613 
 307.749 
 307.827 
 307.869 
 307.562 
 307.559 
 307.533 
 307.439 
 307.734 
 307.819 
 308.145 
 307.509 
 307.337 
 307.726 
 308.016 
 307.648 
 307.437 
 307.724 
 307.784 
 307.767 
 307.624 
 307.48 
 307.636 
 307.697 
 307.49 
 307.532 
 307.549 
 307.951 
 307.795 
 307.907 
 307.679 
 307.974 
 307.653 
 307.821 
 307.669 
 307.659 
 308.12 
 307.503 
 307.484 
 307.776 
 307.134 
 307.36 
 307.991 
 307.757 
 307.754 
 307.675 
 307.663 
 307.722 
 307.699 
 308.235 
 307.762 
 307.787 
 307.649 
 307.297 
 307.924 
 307.305 
 307.87 
 307.772 
 307.518 
 307.882 
 307.943 
 308.139 
 307.847 
 307.58 
 307.827 
 307.773 
 307.712 
 307.84 
 307.765 
 308.042 
 307.831 
 307.84 
 307.693 
 307.979 
 308.118 
 307.881 
 308.161 
 307.951 
 307.927 
 307.796 
 308.332 
 307.956 
 307.814 
 307.77 
 308.153 
 308.346 
 307.595 
 307.33 
 308.15 
 308.098 
 307.903 
 308.135 
 308.132 
 307.849 
 308.25 
 307.834 
 307.891 
 307.956 
 307.744 
 308.178 
 308.064 
 307.637 
 307.837 
 307.827 
 307.758 
 307.735 
 308.13 
 307.63 
 308.1 
 307.353 
 307.551 
 307.797 
 308.055 
 307.832 
 307.953 
 307.829 
 307.818 
 307.45 
 307.919 
 308.07 
 307.626 
 307.127 
 307.747 
 307.497 
 307.689 
 307.36 
 307.85 
 308.012 
 307.693 
 307.857 
 307.74 
 308.277 
 307.649 
 308.03 
 308.058 
 307.829 
 307.583 
 308.01 
 308.27 
 308.116 
 308.207 
 307.628 
 307.815 
 307.926 
 307.773 
 307.976 
 307.988 
 307.832 
 307.571 
 307.91 
 307.588 
 308.236 
 307.981 
 307.825 
 307.743 
 307.466 
 307.698 
 307.939 
 308.29 
 307.813 
 307.963 
 307.341 
 307.323 
 308.007 
 308.029 
 307.965 
 307.856 
 308.426 
 307.658 
 308.005 
 307.514 
 308.078 
 307.646 
 307.886 
 308.166 
 307.657 
 307.694 
 307.597 
 307.688 
 307.7 
 307.769 
 308.103 
 307.88 
 308.137 
 307.574 
 307.46 
 307.707 
 307.712 
 307.866 
 307.149 
 307.571 
 307.812 
 307.903 
 307.888 
 307.638 
 307.643 
 306.995 
 308.03 
 307.797 
 307.418 
 307.656 
 307.825 
 307.931 
 307.423 
 308.081 
 307.516 
 307.928 
 307.979 
 308.102 
 307.46 
 307.099 
 307.802 
 307.58 
 307.595 
 307.638 
 307.48 
 307.328 
 307.806 
 307.483 
 307.839 
 307.871 
 307.103 
 307.894 
 308.066 
 308.105 
 307.798 
 307.232 
 307.927 
 307.668 
 307.357 
 307.487 
 307.924 
 307.996 
 307.968 
 307.54 
 307.57 
 307.682 
 307.717 
 307.618 
 307.666 
 308.005 
 307.761 
 307.386 
 308.296 
 307.778 
 307.98 
 308.077 
 307.772 
 307.648 
 307.835 
 307.964 
 308.001 
 307.951 
 308.191 
 307.717 
 307.824 
 308.006 
 308.075 
 308.276 
 307.881 
 307.909 
 307.282 
 307.853 
 307.99 
 307.661 
 307.657 
 307.686 
 307.611 
 307.945 
 307.909 
 307.652 
 307.685 
 308.041 
 307.459 
 307.745 
 307.691 
 307.772 
 307.922 
 307.241 
 307.651 
 307.476 
 307.55 
 307.58 
 307.864 
 307.894 
 307.642 
 307.239 
 308.055 
 307.823 
 307.937 
 307.575 
 306.879 
 307.963 
 307.574 
 307.519 
 307.487 
 307.56 
 307.609 
 307.886 
 307.92 
 307.673 
 307.455 
 307.864 
 307.743 
 307.619 
 307.685 
 308.082 
 307.835 
 308.024 
 307.566 
 307.051 
 307.495 
 307.74 
 307.957 
 307.433 
 307.613 
 307.918 
 307.897 
 307.636 
 307.883 
 307.121 
 307.602 
 307.813 
 307.575 
 307.761 
 307.874 
 307.605 
 307.826 
 307.7 
 307.518 
 307.382 
 308.11 
 307.853 
 307.883 
 307.867 
 307.631 
 307.815 
 308.023 
 307.729 
 307.882 
 307.991 
 307.685 
 307.78 
 307.36 
 307.73 
 307.701 
 307.582 
 307.543 
 307.62 
 307.6 
 307.868 
 307.948 
 308.011 
 307.932 
 307.46 
 307.473 
 307.58 
 308.048 
 307.387 
 307.911 
 308.067 
 307.838 
 307.193 
 307.633 
 307.97 
 307.732 
 307.362 
 308.163 
 307.399 
 307.967 
 307.605 
 308.096 
 307.589 
 307.679 
 307.928 
 307.786 
 307.431 
 307.561 
 307.938 
 307.74 
 307.683 
 307.259 
 307.57 
 307.859 
 307.422 
 307.251 
 307.838 
 308.116 
 307.739 
 307.473 
 307.147 
 307.622 
 307.602 
 307.831 
 308.107 
 307.756 
 307.904 
 308.109 
 308 
 307.712 
 307.843 
 307.976 
 307.872 
 307.572 
 307.764 
 307.647 
 307.523 
 307.823 
 307.328 
 307.828 
 307.821 
 307.872 
 307.386 
 307.821 
 307.74 
 308.019 
 307.905 
 308.001 
 307.693 
 307.646 
 307.197 
 307.387 
 307.869 
 307.884 
 307.453 
 307.799 
 307.35 
 307.617 
 307.748 
 307.772 
 307.748 
 307.865 
 307.569 
 307.731 
 307.898 
 307.736 
 307.722 
 307.802 
 307.769 
 307.507 
 307.528 
 307.95 
 308.193 
 307.937 
 307.869 
 307.671 
 307.481 
 307.39 
 307.812 
 307.935 
 308.103 
 307.524 
 307.843 
 307.665 
 307.836 
 307.697 
 307.115 
 307.473 
 307.335 
 307.717 
 307.288 
 307.407 
 307.81 
 308.168 
 307.557 
 308.079 
 307.808 
 307.486 
 307.92 
 307.854 
 307.941 
 307.947 
 307.51 
 308.058 
 307.856 
 307.803 
 307.491 
 307.39 
 307.748 
