The Collection Interval for this data is: 15 minutes
 306.515 
 305.937 
 306.011 
 305.537 
 306.05 
 305.972 
 306.314 
 306.21 
 305.692 
 306.17 
 305.692 
 306.421 
 305.997 
 306.491 
 306.336 
 305.713 
 306.086 
 306.254 
 305.966 
 305.739 
 305.389 
 306.239 
 306.078 
 306.424 
 306.174 
 305.727 
 306.215 
 306.108 
 306.175 
 306.444 
 305.94 
 305.275 
 306.192 
 306.156 
 305.731 
 305.685 
 305.71 
 306.092 
 305.902 
 305.505 
 306.014 
 306.097 
 306.172 
 306.235 
 305.885 
 305.996 
 306.382 
 306.136 
 306.338 
 306.162 
 306.303 
 306.408 
 305.638 
 306.288 
 306.179 
 306.107 
 306.145 
 306.372 
 306.121 
 306.231 
 306.345 
 306.356 
 305.579 
 306.592 
 306.45 
 306.144 
 306.426 
 306.021 
 306.154 
 306.293 
 306.177 
 306.169 
 306.201 
 305.954 
 305.86 
 305.742 
 306.108 
 306.294 
 305.957 
 306.344 
 306.33 
 306.636 
 306.35 
 306.127 
 306.041 
 306.161 
 306.048 
 306.512 
 306.337 
 306.625 
 306.315 
 306.361 
 305.985 
 306.497 
 306.098 
 306.181 
 306.175 
 306.346 
 306.616 
 306.646 
 306.324 
 306.228 
 306.393 
 306.152 
 306.04 
 306.245 
 305.946 
 306.698 
 306.184 
 306.481 
 306.219 
 306.335 
 306.284 
 306.639 
 306.285 
 306.111 
 305.876 
 306.644 
 305.919 
 306.19 
 306.118 
 305.868 
 305.623 
 306.13 
 306.603 
 306.271 
 306.283 
 305.828 
 306.256 
 306.446 
 305.866 
 306.161 
 306.305 
 306.152 
 306.255 
 306.572 
 305.903 
 306.444 
 306.243 
 306.472 
 305.946 
 306.284 
 306.215 
 306.332 
 306.001 
 305.971 
 306.197 
 305.736 
 305.965 
 305.959 
 305.578 
 305.54 
 306.014 
 306.255 
 306.378 
 306.305 
 306.361 
 306.02 
 305.821 
 306.364 
 306.156 
 306.009 
 306.175 
 306.066 
 306.371 
 306.503 
 306.063 
 306.334 
 306.009 
 306.349 
 306.477 
 305.967 
 305.823 
 306.106 
 306.145 
 306.109 
 305.78 
 306.152 
 306.664 
 306.281 
 306.503 
 305.764 
 306.262 
 305.853 
 305.618 
 306.501 
 306.283 
 306.269 
 306.419 
 306.073 
 306.321 
 306.12 
 306.179 
 305.595 
 306.093 
 305.851 
 305.576 
 306.179 
 305.863 
 305.501 
 305.389 
 306.064 
 306.088 
 306.477 
 305.982 
 305.865 
 306.246 
 306.057 
 305.976 
 306.229 
 306.229 
 306.146 
 306.25 
 306.023 
 306.569 
 305.897 
 305.833 
 306.135 
 305.912 
 306.291 
 306.219 
 305.81 
 305.906 
 306.15 
 306.217 
 305.477 
 306.325 
 305.55 
 306.355 
 306.328 
 306.439 
 306.152 
 306.221 
 306.276 
 306.466 
 306.327 
 306.247 
 305.711 
 306.181 
 306.011 
 306.293 
 306.409 
 305.965 
 306.261 
 306.182 
 306.352 
 306.143 
 306.367 
 306.515 
 306.394 
 305.724 
 306.343 
 306.384 
 306.047 
 306.451 
 306.445 
 306.431 
 306.214 
 305.872 
 306.174 
 305.693 
 306.097 
 306.23 
 306.046 
 306.492 
 306.688 
 306.661 
 306.26 
 306.441 
 305.97 
 306.051 
 306.233 
 306.393 
 306.331 
 306.279 
 305.907 
 306.218 
 306.111 
 306.274 
 306.015 
 306.002 
 306.031 
 306.166 
 305.802 
 306.146 
 306.228 
 305.871 
 305.929 
 306.104 
 305.324 
 306.484 
 306.418 
 305.933 
 305.809 
 305.693 
 306.247 
 306.23 
 305.752 
 306.097 
 305.894 
 306.268 
 306.159 
 306.238 
 306.147 
 306 
 306.112 
 306.274 
 305.994 
 305.945 
 305.463 
 306.312 
 306.152 
 306.059 
 306.042 
 305.445 
 305.472 
 306.092 
 306.313 
 306.193 
 306.089 
 306.382 
 306.446 
 305.773 
 306.257 
 306.061 
 306.082 
 306.428 
 306.538 
 306.227 
 306.24 
 306.137 
 306.204 
 305.866 
 306.052 
 305.747 
 305.991 
 305.781 
 306.089 
 306.7 
 306.5 
 305.709 
 306.639 
 306.157 
 306.158 
 305.904 
 306.35 
 306.359 
 306.362 
 306.167 
 306.462 
 306.758 
 306.299 
 306.701 
 306.643 
 306.429 
 306.278 
 306.21 
 306.721 
 306.602 
 306.276 
 306.399 
 306.019 
 306.26 
 306.49 
 306.677 
 305.771 
 305.919 
 305.795 
 306.612 
 305.738 
 306.491 
 306.211 
 306.476 
 305.934 
 305.979 
 306.428 
 306.28 
 306.264 
 306.323 
 306.05 
 305.985 
 306.326 
 306.297 
 306.382 
 305.781 
 305.788 
 302.524 
 304.694 
 303.568 
 304.663 
 304.384 
 302.747 
 301.149 
 302.078 
 301.968 
 302.846 
 302.17 
 303.435 
 303.231 
 303.509 
 301.76 
 302.588 
 302.207 
 302.697 
 302.428 
 301.959 
 301.508 
 302.309 
 303.041 
 303.441 
 301.837 
 302.895 
 302.058 
 303.195 
 303.963 
 301.855 
 301.664 
 302.895 
 302.665 
 303.312 
 302.582 
 302.145 
 303.416 
 303.591 
 303.685 
 302.793 
 303.443 
 303.253 
 301.776 
 302.692 
 303.546 
 302.601 
 304.369 
 302.466 
 304.289 
 303.906 
 303.286 
 302.667 
 303.999 
 303.84 
 303.586 
 303.912 
 303.69 
 304.412 
 304.465 
 303.282 
 303.91 
 303.532 
 303.83 
 302.822 
 302.833 
 302.495 
 303.707 
 302.968 
 304.304 
 303.727 
 303.556 
 303.189 
 303.788 
 303.022 
 303.627 
 304.092 
 303.667 
 303.34 
 303.906 
 304.177 
 303.964 
 304.573 
 302.748 
 302.286 
 303.305 
 301.853 
 301.33 
 302.05 
 302.057 
 303.266 
 303.517 
 304.37 
 303.629 
 302.289 
 302.989 
 302.785 
 303.145 
 303.357 
 302.707 
 302.958 
 302.8 
 302.335 
 303.206 
 302.912 
 303.281 
 302.026 
 302.153 
 302.399 
 303.894 
 301.535 
 302.23 
 302.056 
 303.671 
 303.826 
 301.718 
 303.006 
 303.191 
 303.811 
 303.502 
 302.936 
 302.882 
 302.392 
 302.637 
 302.753 
 303.041 
 302.916 
 303.268 
 302.969 
 303.346 
 303.27 
 303.72 
 303.035 
 303.45 
 303.344 
 303.921 
 303.178 
 302.962 
 303.034 
 303.134 
 302.967 
 302.869 
 303.705 
 302.081 
 303.815 
 303.959 
 303.557 
 303.006 
 303.304 
 303.329 
 303.064 
 303.463 
 303.228 
 303.232 
 303.297 
 301.982 
 303.627 
 302.787 
 302.947 
 303.725 
 302.586 
 302.223 
 302.952 
 303.58 
 303.124 
 301.683 
 304.321 
 302.776 
 302.049 
 301.382 
 303.633 
 303.508 
 301.551 
 303.092 
 303.847 
 304.117 
 303.715 
 303.353 
 302.038 
 303.28 
 303.733 
 304.178 
 301.544 
 302.363 
 301.911 
 300.802 
 302.68 
 302.095 
 303.367 
 301.326 
 302.062 
 302.972 
 302.078 
 303.689 
 302.195 
 303.387 
 302.849 
 303.485 
 303.56 
 301.7 
 302.856 
 303.366 
 303.036 
 301.822 
 301.389 
 302.367 
 302.279 
 302.213 
 302.785 
 301.852 
 302.914 
 302.141 
 302.293 
 302.482 
 302.603 
 302.521 
 302.038 
 303.143 
 303.712 
 302.658 
 302.349 
 303.072 
 301.657 
 301.918 
 302.674 
 303.036 
 301.787 
 302.768 
 300.97 
 303.285 
 301.914 
 302.509 
 302.912 
 301.363 
 302.766 
 302.353 
 303.37 
 303.167 
 302.65 
 303.375 
 301.372 
 303.641 
 301.926 
 301.616 
 303.16 
 303.71 
 302.983 
 302.651 
 302.783 
 301.816 
 302.561 
 303.742 
 302.83 
 302.139 
 302.62 
 302.838 
 301.893 
 303.422 
 302.504 
 302.346 
 303.508 
 300.807 
 302.825 
 303.256 
 302.649 
 303.252 
 302.674 
 302.664 
 303.153 
 302.588 
 302.273 
 302.273 
 302.756 
 302.228 
 302.936 
 302.435 
 302.622 
 303.433 
 303.959 
 301.871 
 302.502 
 300.863 
 303.141 
 301.7 
 302.292 
 302.939 
 303.573 
 303.464 
 303.67 
 303.326 
 303.951 
 303.033 
 303.503 
 302.28 
 302.242 
 304.733 
 304.052 
 303.714 
 304.195 
 304.008 
 303.742 
 303.923 
 303.324 
 302.955 
 303.345 
 303.426 
 302.93 
 302.522 
 298.532 
 270.302 
 253.234 
 224.876 
 196.531 
 174.675 
 157.506 
 142.838 
 132.798 
 130.889 
 138.778 
 125.658 
 108.736 
 97.805 
 88.571 
 79.192 
