The Collection Interval for this data is: 15 minutes
 307.854 
 307.417 
 307.276 
 306.918 
 307.248 
 307.181 
 307.644 
 307.547 
 306.998 
 307.628 
 307.019 
 307.82 
 307.323 
 307.808 
 307.787 
 307.166 
 307.386 
 307.631 
 307.219 
 307.014 
 306.746 
 307.638 
 307.362 
 307.781 
 307.637 
 307.183 
 307.412 
 307.435 
 307.606 
 307.758 
 307.371 
 306.624 
 307.564 
 307.497 
 307.042 
 306.991 
 307.175 
 307.383 
 307.214 
 306.861 
 307.449 
 307.447 
 307.64 
 307.508 
 307.359 
 307.339 
 307.775 
 307.511 
 307.717 
 307.468 
 307.581 
 307.578 
 306.938 
 307.546 
 307.417 
 307.374 
 307.459 
 307.551 
 307.496 
 307.591 
 307.756 
 307.777 
 306.884 
 307.866 
 307.745 
 307.495 
 307.793 
 307.376 
 307.343 
 307.708 
 307.574 
 307.499 
 307.483 
 307.273 
 307.136 
 307.039 
 307.514 
 307.558 
 307.272 
 307.65 
 307.714 
 307.924 
 307.789 
 307.427 
 307.36 
 307.471 
 307.394 
 307.749 
 307.584 
 307.82 
 307.546 
 307.694 
 307.338 
 307.736 
 307.397 
 307.432 
 307.609 
 307.636 
 307.922 
 308.042 
 307.659 
 307.618 
 307.72 
 307.41 
 307.337 
 307.675 
 307.201 
 307.944 
 307.557 
 307.814 
 307.577 
 307.577 
 307.575 
 308.011 
 307.543 
 307.459 
 307.305 
 307.905 
 307.416 
 307.369 
 307.436 
 307.237 
 307.065 
 307.333 
 307.767 
 307.508 
 307.677 
 307.137 
 307.637 
 307.779 
 307.124 
 307.455 
 307.7 
 307.542 
 307.633 
 307.883 
 307.229 
 307.828 
 307.465 
 307.745 
 307.34 
 307.551 
 307.638 
 307.719 
 307.283 
 307.231 
 307.626 
 307.129 
 307.283 
 307.21 
 306.942 
 306.822 
 307.235 
 307.449 
 307.669 
 307.603 
 307.679 
 307.172 
 307.103 
 307.721 
 307.573 
 307.352 
 307.439 
 307.426 
 307.761 
 307.758 
 307.254 
 307.559 
 307.336 
 307.658 
 307.717 
 307.282 
 307.183 
 307.508 
 307.511 
 307.324 
 307.072 
 307.527 
 307.995 
 307.502 
 307.893 
 307.223 
 307.634 
 307.271 
 306.99 
 307.786 
 307.589 
 307.686 
 307.65 
 307.433 
 307.62 
 307.438 
 307.389 
 306.946 
 307.44 
 307.262 
 306.976 
 307.391 
 307.171 
 306.741 
 306.631 
 307.361 
 307.364 
 307.692 
 307.243 
 307.198 
 307.471 
 307.39 
 307.248 
 307.52 
 307.354 
 307.41 
 307.411 
 307.382 
 307.89 
 307.187 
 307.206 
 307.404 
 307.227 
 307.573 
 307.435 
 307.142 
 307.194 
 307.507 
 307.538 
 306.821 
 307.685 
 306.868 
 307.721 
 307.624 
 307.694 
 307.442 
 307.585 
 307.636 
 307.669 
 307.759 
 307.499 
 307.101 
 307.324 
 307.401 
 307.454 
 307.665 
 307.334 
 307.711 
 307.597 
 307.655 
 307.581 
 307.658 
 307.817 
 307.745 
 306.955 
 307.64 
 307.597 
 307.389 
 307.789 
 307.85 
 307.779 
 307.643 
 307.067 
 307.492 
 307.062 
 307.46 
 307.478 
 307.34 
 307.88 
 308.027 
 307.976 
 307.599 
 307.817 
 307.294 
 307.335 
 307.664 
 307.594 
 307.727 
 307.551 
 307.195 
 307.375 
 307.357 
 307.595 
 307.33 
 307.348 
 307.231 
 307.387 
 307.08 
 307.483 
 307.513 
 307.249 
 307.381 
 307.522 
 306.663 
 307.739 
 307.787 
 307.193 
 307.043 
 307.115 
 307.58 
 307.489 
 306.916 
 307.478 
 307.218 
 307.745 
 307.438 
 307.513 
 307.426 
 307.308 
 307.366 
 307.543 
 307.293 
 307.179 
 306.781 
 307.669 
 307.391 
 307.31 
 307.327 
 306.778 
 306.832 
 307.433 
 307.543 
 307.592 
 307.503 
 307.682 
 307.715 
 307.085 
 307.565 
 307.481 
 307.363 
 307.645 
 307.828 
 307.536 
 307.476 
 307.419 
 307.377 
 307.132 
 307.324 
 307.196 
 307.318 
 307.062 
 307.305 
 307.979 
 307.818 
 307.086 
 307.906 
 307.453 
 307.614 
 307.219 
 307.519 
 307.634 
 307.739 
 307.659 
 307.831 
 308.177 
 307.638 
 307.945 
 307.852 
 307.77 
 307.818 
 307.644 
 308.091 
 307.832 
 307.651 
 307.807 
 307.385 
 307.547 
 307.734 
 307.889 
 306.98 
 307.233 
 307.188 
 307.806 
 307.028 
 307.869 
 307.613 
 307.836 
 307.287 
 307.296 
 307.782 
 307.55 
 307.531 
 307.671 
 307.33 
 307.351 
 307.529 
 307.608 
 307.636 
 306.981 
 307.171 
 304.59 
 305.573 
 305.017 
 306.084 
 306.195 
 305.321 
 304.549 
 305.127 
 305.256 
 306.241 
 305.361 
 305.673 
 306.622 
 305.574 
 304.023 
 305.51 
 305.184 
 305.961 
 305.729 
 305.365 
 304.893 
 304.706 
 304.799 
 306.225 
 304.596 
 305.544 
 304.36 
 306.433 
 306.62 
 304.826 
 304.69 
 304.923 
 305.182 
 305.965 
 305.599 
 305.284 
 306.054 
 305.116 
 305.498 
 304.983 
 304.809 
 305.293 
 304.607 
 305.057 
 305.302 
 304.675 
 306.084 
 305.027 
 306.237 
 305.293 
 305.809 
 305.286 
 306.011 
 305.731 
 305.828 
 305.755 
 306.388 
 306.234 
 306.589 
 305.619 
 306.078 
 305.956 
 306.406 
 305.986 
 304.948 
 305.151 
 305.269 
 304.995 
 306.685 
 306.262 
 305.868 
 305.457 
 306.635 
 305.726 
 305.844 
 306.308 
 306.096 
 306.204 
 306.502 
 306.836 
 306.169 
 306.471 
 306.015 
 305.548 
 306.139 
 304.733 
 304.18 
 304.316 
 304.983 
 305.7 
 305.73 
 306.45 
 306.369 
 305.067 
 306.252 
 304.701 
 305.287 
 305.73 
 305.036 
 305.916 
 305.57 
 305.238 
 305.522 
 305.712 
 305.552 
 304.522 
 304.716 
 304.539 
 305.966 
 305.016 
 304.62 
 304.383 
 305.184 
 305.329 
 304.453 
 305.898 
 305.452 
 306.025 
 305.913 
 305.136 
 306.025 
 304.767 
 304.761 
 305.644 
 305.41 
 305.17 
 305.472 
 305.503 
 305.23 
 306.004 
 305.497 
 305.674 
 305.43 
 305.322 
 305.975 
 304.706 
 305.936 
 305.848 
 305.596 
 305.246 
 305.046 
 176.708 
 304.423 
 306.07 
 305.751 
 168.624 
 166.487 
 305.083 
 305.88 
 306.086 
 306.053 
 305.607 
 305.313 
 305.52 
 305.53 
 306.366 
 305.617 
 305.339 
 306.485 
 305.104 
 305.109 
 305.239 
 305.439 
 305.202 
 304.424 
 306.39 
 304.861 
 304.158 
 303.986 
 305.492 
 305.808 
 304.555 
 305.484 
 305.747 
 306.46 
 305.863 
 305.628 
 304.906 
 305.213 
 305.535 
 306.355 
 304.542 
 304.561 
 304.404 
 303.83 
 306.264 
 304.089 
 305.46 
 304.596 
 304.782 
 304.927 
 305.311 
 305.655 
 304.744 
 305.422 
 305.173 
 305.743 
 305.634 
 304.066 
 305.689 
 305.2 
 305.237 
 304.693 
 304.762 
 305.431 
 304.854 
 305.096 
 305.383 
 304.708 
 305.256 
 304.82 
 305.514 
 305.18 
 305.002 
 305.322 
 305.395 
 305.646 
 306.335 
 304.916 
 305.401 
 305.892 
 304.722 
 304.955 
 305.624 
 305.396 
 304.809 
 305.912 
 304.912 
 305.821 
 304.592 
 305.211 
 305.124 
 304.558 
 305.629 
 305.153 
 305.376 
 306.105 
 305.414 
 305.568 
 304.507 
 305.847 
 305.688 
 304.361 
 306.825 
 305.877 
 305.544 
 305.419 
 305.712 
 305.065 
 305.461 
 306.578 
 305.181 
 305.403 
 305.776 
 305.595 
 305.278 
 305.056 
 305.299 
 305.685 
 306.026 
 304.338 
 306.195 
 306.267 
 305.874 
 305.731 
 305.184 
 305.368 
 305.605 
 306.076 
 305.334 
 304.618 
 305.93 
 304.792 
 305.654 
 305.815 
 305.269 
 305.345 
 306.202 
 305.023 
 305.011 
 304.717 
 305.867 
 304.699 
 305.691 
 305.452 
 305.873 
 305.954 
 305.632 
 305.879 
 305.53 
 305.23 
 306.252 
 305.437 
 304.898 
 306.128 
 305.173 
 305.45 
 306.444 
 305.862 
 305.749 
 305.514 
 305.674 
 305.035 
 305.179 
 305.801 
 305.17 
 305.046 
 301.73 
 274.565 
 257.092 
 227.6 
 198.873 
 176.655 
 178.606 
 185.033 
 187.215 
 188.132 
 187.426 
 124.146 
 85.438 
 72.632 
 64.903 
 59.409 
