The Collection Interval for this data is: 15 minutes
 29.673 
 29.671 
 78.534 
 107.61 
 130.801 
 151.851 
 175.798 
 203.708 
 230.852 
 249.886 
 265.074 
 279.03 
 289.591 
 296.928 
 301.151 
 305.786 
 306.91 
 307.012 
 307.327 
 307.053 
 306.901 
 307.735 
 307.232 
 307.377 
 307.498 
 307.488 
 306.947 
 307.548 
 307.099 
 307.338 
 307.59 
 307.48 
 307.492 
 307.673 
 307.236 
 307.477 
 307.691 
 307.093 
 307.866 
 307.54 
 307.646 
 307.534 
 307.462 
 307.676 
 307.51 
 307.408 
 307.278 
 307.305 
 307.239 
 307.305 
 307.188 
 307.507 
 307.664 
 307.324 
 307.948 
 307.646 
 307.685 
 307.565 
 307.583 
 306.813 
 307.355 
 307.739 
 307.896 
 306.944 
 307.091 
 307.215 
 307.784 
 307.393 
 307.748 
 307.525 
 307.284 
 307.685 
 307.378 
 307.429 
 307.628 
 307.535 
 307.258 
 307.375 
 307.291 
 307.108 
 307.288 
 307.56 
 307.759 
 307.099 
 307.075 
 307.56 
 307.654 
 307.431 
 307.205 
 307.588 
 307.699 
 307.558 
 307.353 
 307.196 
 307.202 
 307.395 
 307.073 
 307.326 
 307.313 
 307.857 
 307.614 
 307.837 
 307.552 
 307.655 
 307.403 
 307.496 
 307.375 
 307.553 
 307.786 
 307.258 
 306.977 
 307.405 
 306.966 
 307.209 
 307.892 
 307.542 
 307.566 
 307.63 
 307.497 
 307.626 
 307.515 
 307.807 
 307.707 
 307.747 
 307.547 
 307.062 
 307.863 
 307.237 
 307.665 
 307.517 
 307.348 
 307.811 
 307.927 
 307.855 
 307.67 
 307.384 
 307.619 
 307.58 
 307.525 
 307.664 
 307.743 
 307.833 
 307.52 
 307.574 
 307.328 
 307.903 
 307.915 
 307.682 
 307.887 
 307.818 
 307.857 
 307.398 
 307.727 
 307.91 
 307.696 
 307.621 
 307.676 
 307.953 
 307.48 
 307.146 
 307.866 
 308.038 
 307.754 
 308.101 
 307.884 
 307.74 
 308.243 
 307.731 
 307.64 
 307.859 
 307.587 
 308.015 
 307.774 
 307.367 
 307.568 
 307.79 
 307.465 
 307.445 
 307.732 
 307.5 
 307.792 
 306.879 
 307.304 
 307.458 
 307.949 
 307.841 
 307.969 
 307.69 
 307.731 
 307.413 
 307.67 
 307.765 
 307.431 
 306.801 
 307.59 
 307.158 
 307.565 
 307.13 
 307.711 
 307.801 
 307.49 
 307.595 
 307.742 
 307.821 
 307.492 
 307.929 
 307.591 
 307.579 
 307.35 
 307.717 
 308.031 
 307.986 
 307.757 
 307.459 
 307.504 
 307.789 
 307.477 
 307.722 
 307.614 
 307.681 
 307.364 
 307.89 
 307.597 
 308.028 
 307.717 
 307.261 
 307.351 
 307.363 
 307.372 
 307.644 
 308.033 
 307.693 
 307.891 
 307.232 
 307.337 
 307.721 
 307.593 
 307.916 
 307.738 
 308.019 
 307.431 
 307.721 
 307.636 
 307.824 
 307.218 
 307.65 
 307.877 
 307.47 
 307.349 
 307.494 
 307.515 
 307.403 
 307.59 
 307.804 
 307.687 
 307.735 
 307.363 
 307.354 
 307.369 
 307.533 
 307.736 
 306.943 
 307.579 
 307.451 
 307.634 
 307.643 
 307.595 
 307.417 
 306.684 
 307.814 
 307.541 
 307.176 
 307.484 
 307.618 
 307.706 
 306.938 
 307.888 
 307.101 
 307.629 
 307.872 
 307.962 
 307.089 
 306.879 
 307.528 
 307.325 
 307.5 
 307.367 
 306.898 
 306.803 
 307.571 
 307.374 
 307.545 
 307.765 
 306.658 
 307.593 
 307.701 
 308.002 
 307.722 
 306.964 
 307.86 
 307.544 
 307.143 
 307.441 
 307.646 
 307.622 
 307.686 
 307.32 
 307.383 
 307.567 
 307.45 
 307.304 
 307.425 
 307.931 
 307.728 
 306.997 
 308.067 
 307.557 
 307.542 
 308.031 
 307.551 
 307.458 
 307.696 
 307.823 
 307.765 
 307.959 
 307.684 
 307.756 
 307.707 
 307.849 
 307.855 
 308.061 
 307.57 
 307.879 
 307.19 
 307.695 
 307.866 
 307.528 
 307.536 
 307.444 
 307.408 
 307.821 
 307.519 
 307.398 
 307.407 
 307.823 
 307.121 
 307.534 
 307.453 
 307.727 
 307.775 
 306.947 
 307.698 
 307.234 
 307.462 
 307.191 
 307.571 
 307.598 
 307.322 
 307.217 
 307.774 
 307.397 
 307.76 
 307.385 
 306.649 
 307.648 
 307.603 
 307.483 
 307.266 
 307.425 
 307.59 
 307.769 
 307.71 
 307.542 
 307.406 
 307.743 
 307.525 
 307.533 
 307.381 
 307.813 
 307.488 
 307.764 
 307.529 
 306.782 
 307.444 
 307.525 
 307.745 
 307.447 
 307.324 
 307.715 
 307.842 
 307.346 
 307.638 
 306.927 
 307.372 
 307.62 
 307.369 
 307.536 
 307.781 
 307.507 
 307.543 
 307.374 
 307.315 
 307.137 
 307.938 
 307.584 
 307.683 
 307.558 
 307.511 
 307.624 
 307.738 
 307.57 
 307.588 
 307.695 
 307.398 
 307.589 
 307.224 
 307.564 
 307.381 
 307.431 
 307.619 
 307.645 
 307.474 
 307.746 
 307.668 
 307.652 
 307.651 
 307.25 
 307.379 
 307.461 
 308.009 
 307.182 
 307.746 
 307.833 
 307.667 
 307.187 
 307.567 
 307.591 
 307.726 
 307.054 
 307.799 
 307.07 
 307.885 
 307.391 
 307.821 
 307.228 
 307.48 
 307.855 
 307.576 
 307.176 
 307.402 
 307.593 
 307.701 
 307.381 
 306.963 
 307.503 
 307.691 
 307.268 
 307.13 
 307.654 
 308.223 
 307.59 
 307.264 
 306.936 
 307.267 
 307.366 
 307.73 
 307.844 
 307.394 
 307.75 
 308.009 
 307.631 
 307.606 
 307.68 
 307.64 
 307.589 
 307.391 
 307.457 
 307.538 
 307.2 
 307.491 
 306.951 
 307.593 
 307.636 
 307.619 
 307.154 
 307.61 
 307.634 
 307.612 
 307.63 
 307.884 
 307.448 
 307.484 
 307.073 
 307.032 
 307.796 
 307.555 
 307.302 
 307.609 
 307.13 
 307.371 
 307.63 
 307.449 
 307.428 
 307.663 
 307.522 
 307.571 
 307.705 
 307.547 
 307.655 
 307.615 
 307.435 
 307.206 
 307.51 
 307.716 
 308.06 
 307.674 
 307.431 
 307.267 
 307.215 
 307.248 
 307.67 
 307.75 
 308.088 
 307.267 
 307.49 
 307.56 
 307.597 
 307.561 
 306.95 
 307.135 
 307.256 
 307.361 
 307.083 
 307.28 
 307.478 
 307.891 
 307.155 
 307.68 
 307.539 
 307.328 
 307.725 
 307.729 
 307.832 
 308.003 
 307.41 
 307.656 
 307.678 
 307.492 
 307.349 
 307.22 
 307.406 
