The Collection Interval for this data is: 15 minutes
 71.201 
 97.715 
 121.796 
 140.878 
 156.07 
 169.15 
 179.935 
 186.889 
 194.669 
 200.647 
 203.938 
 208.639 
 210.249 
 213.591 
 218.041 
 249.303 
 270.066 
 284.698 
 296.168 
 305.891 
 310.181 
 311.211 
 311.525 
 311.376 
 312.269 
 311.392 
 311.411 
 312.434 
 311.474 
 312.085 
 312.375 
 311.568 
 311.74 
 312.167 
 311.611 
 312.488 
 311.846 
 311.243 
 311.913 
 311.634 
 312.508 
 311.536 
 311.435 
 311.239 
 311.27 
 312.367 
 312.018 
 312.441 
 311.877 
 311.893 
 312.132 
 311.76 
 311.521 
 311.478 
 311.247 
 311.458 
 311.478 
 311.564 
 311.552 
 311.474 
 311.258 
 311.329 
 311.399 
 311.439 
 311.274 
 311.544 
 311.576 
 311.489 
 311.388 
 311.548 
 311.298 
 311.36 
 311.548 
 311.356 
 311.305 
 311.196 
 311.219 
 311.388 
 311.278 
 311.27 
 311.266 
 311.18 
 311.211 
 311.442 
 311.584 
 311.352 
 311.395 
 311.345 
 311.286 
 311.533 
 312.445 
 311.446 
 311.627 
 312.661 
 312.774 
 311.76 
 312.453 
 311.717 
 312.582 
 311.736 
 311.54 
 312.673 
 312.324 
 311.493 
 311.807 
 312.148 
 311.717 
 312.12 
 311.916 
 311.936 
 312.234 
 311.744 
 312.41 
 311.826 
 312.391 
 312.837 
 312.582 
 312.724 
 312.892 
 312.68 
 312.406 
 311.525 
 312.296 
 312.069 
 313.15 
 312.771 
 312.888 
 311.971 
 312.402 
 311.74 
 311.775 
 312.465 
 311.744 
 311.423 
 312.704 
 312.473 
 312.833 
 312.328 
 311.799 
 312.363 
 311.556 
 311.544 
 311.176 
 311.525 
 311.341 
 311.254 
 311.462 
 311.466 
 311.521 
 311.012 
 310.577 
 311.309 
 311.196 
 310.847 
 311.368 
 311.286 
 311.474 
 311.254 
 311.392 
 311.192 
 311.462 
 311.533 
 310.24 
 311.356 
 310.859 
 310.459 
 311.027 
 310.436 
 310.318 
 311.333 
 310.459 
 310.432 
 311.188 
 310.686 
 311.568 
 311.399 
 310.255 
 311.188 
 311.251 
 311.435 
 311.505 
 311.446 
 311.45 
 311.811 
 312.892 
 312.089 
 312.128 
 312.273 
 311.768 
 311.305 
 311.282 
 311.29 
 311.552 
 311.286 
 311.348 
 311.247 
 311.388 
 311.521 
 312.285 
 311.799 
 312.128 
 312.641 
 312.716 
 312.657 
 312.426 
 311.752 
 312.626 
 311.65 
 311.936 
 312.34 
 311.587 
 312.069 
 312.199 
 311.756 
 312.598 
 312.52 
 311.431 
 312.316 
 311.866 
 311.529 
 311.305 
 311.462 
 312.614 
 312.912 
 311.787 
 311.916 
 312.371 
 311.787 
 312.199 
 311.486 
 311.184 
 311.634 
 311.439 
 311.337 
 311.211 
 311.501 
 311.352 
 311.544 
 311.56 
 311.27 
 310.526 
 311.446 
 311.317 
 311.266 
 310.863 
 310.965 
 310.467 
 311.11 
 310.51 
 310.933 
 310.867 
 310.357 
 311.435 
 312.347 
 311.509 
 311.979 
 312.696 
 312.473 
 312.68 
 311.944 
 312.532 
 312.794 
 312.767 
 312.543 
 312.814 
 311.799 
 312.551 
 312.771 
 311.877 
 307.674 
 310.933 
 311.266 
 310.573 
 311.113 
 311.56 
 311.493 
 311.407 
 310.745 
 311.411 
 311.164 
 310.197 
 310.988 
 311.572 
 311.156 
 310.702 
 310.299 
 311.149 
 311.556 
 311.129 
 310.612 
 310.561 
 311.192 
 311.415 
 311.258 
 311.505 
 311.254 
 310.918 
 311.039 
 310.161 
 311.411 
 310.765 
 311.439 
 311.223 
 311.615 
 311.019 
 310.992 
 311.254 
 311.403 
 310.432 
 310.518 
 309.985 
 311.317 
 310.557 
 311.431 
 311.427 
 311.493 
 311.27 
 311.435 
 311.513 
 311.325 
 311.262 
 311.58 
 310.698 
 311.435 
 311.446 
 311.019 
 310.643 
 311.446 
 311.529 
 310.82 
 310.968 
 310.549 
 310.898 
 311.36 
 311.482 
 310.514 
 311.278 
 310.702 
 311.446 
 311.251 
 311.243 
 311.27 
 311.192 
 311.337 
 310.827 
 311.266 
 311.29 
 311.505 
 311.313 
 311.066 
 310.6 
 311.439 
 311.082 
 310.338 
 311.446 
 310.835 
 311.176 
 310.726 
 311.341 
 310.679 
 311.223 
 310.534 
 311.196 
 310.177 
 312.132 
 310.573 
 311.262 
 311.239 
 310.479 
 311.019 
 311.262 
 310.737 
 311.454 
 311.008 
 311.348 
 310.189 
 310.158 
 311.098 
 311.619 
 311.348 
 311.258 
 311.384 
 311.435 
 310.694 
 311.399 
 310.918 
 310.396 
 311.313 
 311.505 
 311.372 
 311.407 
 310.255 
 310.444 
 311.517 
 311.521 
 311.45 
 310.083 
 311.348 
 310.24 
 311.235 
 310.428 
 311.239 
 310.377 
 311.368 
 311.062 
 310.596 
 311.536 
 311.529 
 310.639 
 311.098 
 311.58 
 310.373 
 311.454 
 310.722 
 310.51 
 311.345 
 311.243 
 310.51 
 310.714 
 311.254 
 310.087 
 310.812 
 310.82 
 311.838 
 311.493 
 311.905 
 311.505 
 311.732 
 311.819 
 310.89 
 303.549 
 291.071 
 254.889 
 227.122 
 206.355 
