The Collection Interval for this data is: 15 minutes
 31.72 
 31.73 
 31.83 
 31.64 
 31.45 
 31.43 
 31.31 
 31.23 
 32.51 
 32.61 
 34.49 
 37.14 
 38.75 
 40.23 
 40.94 
 40.3 
 39.46 
 38.22 
 37.69 
 37.19 
 36.81 
 36.84 
 36.64 
 36.45 
 36.43 
 36.41 
 36.11 
 36.27 
 36.13 
 36.08 
 35.97 
 36.05 
 36.05 
 36.02 
 35.92 
 35.82 
 35.63 
 35.72 
 35.62 
 35.56 
 35.59 
 35.53 
 35.39 
 35.4 
 35.43 
 35.45 
 35.6 
 35.59 
 35.61 
 35.59 
 35.65 
 35.41 
 35.44 
 35.53 
 35.49 
 35.44 
 35.55 
 35.62 
 35.62 
 35.64 
 35.58 
 35.61 
 35.49 
 35.78 
 35.57 
 35.64 
 35.57 
 35.61 
 35.65 
 35.58 
 35.67 
 35.76 
 35.74 
 35.78 
 35.79 
 35.7 
 35.66 
 35.76 
 35.71 
 35.71 
 35.79 
 35.78 
 35.83 
 35.9 
 35.78 
 35.95 
 35.85 
 35.61 
 35.76 
 35.7 
 35.56 
 35.82 
 35.79 
 36.01 
 36.05 
 36.19 
 36.03 
 36.03 
 36.06 
 36 
 35.89 
 35.93 
 35.82 
 35.87 
 35.76 
 35.75 
 35.82 
 35.82 
 35.85 
 35.89 
 35.6 
 35.8 
 35.8 
 35.77 
 35.81 
 35.92 
 36.2 
 36.25 
 36.06 
 36.08 
 35.93 
 35.98 
 36.02 
 35.88 
 36.01 
 36.14 
 36.19 
 36.06 
 36.01 
 36.2 
 36.07 
 36.11 
 36.11 
 36.01 
 36.24 
 36.26 
 36.31 
 36.24 
 36.22 
 36.23 
 36.17 
 36.12 
 36.19 
 36.17 
 36.35 
 36.23 
 36.2 
 36.01 
 36.21 
 36.19 
 36.14 
 36.2 
 36.22 
 36.51 
 37.03 
 37.11 
 37.17 
 37.23 
 37.29 
 37.12 
 36.85 
 36.93 
 36.99 
 36.97 
 37.14 
 37.02 
 36.94 
 37.11 
 37.09 
 36.94 
 37.02 
 36.94 
 37.12 
 37.09 
 37.03 
 36.93 
 36.96 
 36.96 
 36.96 
 36.85 
 36.93 
 36.99 
 36.94 
 37.13 
 37.32 
 37.23 
 37.37 
 37.31 
 37.23 
 37.18 
 37.1 
 37.11 
 37.13 
 37.15 
 37.21 
 37.1 
 37 
 37.07 
 37.1 
 37.04 
 37.13 
 37.23 
 37.35 
 37.34 
 37.36 
 37.22 
 37.33 
 37.29 
 37.24 
 37.23 
 37.3 
 37.18 
 37.3 
 37.14 
 37.29 
 37.29 
 37.22 
 37.26 
 37.28 
 37.2 
 37.31 
 37.38 
 37.31 
 37.54 
 37.63 
 37.65 
 37.64 
 37.48 
 37.49 
 37.63 
 37.57 
 37.37 
 37.4 
 37.4 
 37.55 
 37.41 
 37.51 
 37.43 
 37.39 
 37.31 
 37.46 
 37.43 
 37.48 
 37.36 
 44.67 
 44.24 
 43.91 
 43.48 
 43.3 
 42.33 
 42.24 
 42.07 
 41.95 
 42.08 
 42.02 
 42.11 
 42.02 
 42.15 
 42.05 
 41.95 
 42.01 
 41.86 
 42.05 
 41.83 
 41.97 
 41.91 
 41.97 
 42.03 
 42.01 
 42.91 
 42.07 
 42.27 
 42.26 
 42.56 
 42.48 
 42.58 
 42.69 
 42.48 
 42.48 
 41.93 
 41.85 
 42.16 
 42.21 
 42.3 
 42.26 
 42 
 42.19 
 41.79 
 41.97 
 41.91 
 42.04 
 42.04 
 41.9 
 41.86 
 42.32 
 42.37 
 42.48 
 42.22 
 42.32 
 42.1 
 42.25 
 41.95 
 41.88 
 42.18 
 42.31 
 42.36 
 42.12 
 42.2 
 42.27 
 42.03 
 42.29 
 41.97 
 42.09 
 41.81 
 41.79 
 41.72 
 41.61 
 41.73 
 41.72 
 41.61 
 41.78 
 41.76 
 41.92 
 41.8 
 41.97 
 41.91 
 41.94 
 41.86 
 42.08 
 42.01 
 41.99 
 41.93 
 41.95 
 41.66 
 41.47 
 41.66 
 41.37 
 41.84 
 41.71 
 41.39 
 41.59 
 41.66 
 41.44 
 41.47 
 41.48 
 41.48 
 41.78 
 41.5 
 41.49 
 41.45 
 41.42 
 41.39 
 41.4 
 41.66 
 41.67 
 41.6 
 41.37 
 41.51 
 41.5 
 41.73 
 41.49 
 41.6 
 41.36 
 42.03 
 42.05 
 42.37 
 42.1 
 42.08 
 42.16 
 42.46 
 42.41 
 42.63 
 42.25 
 42.25 
 42.42 
 42.44 
 42.37 
 41.96 
 42.34 
 42.26 
 42.32 
 42.15 
 42.01 
 42.42 
 42.27 
 42.3 
 42.11 
 42.15 
 42.28 
 42.33 
 42.21 
 42.44 
 41.99 
 42.1 
 42.15 
 41.87 
 42.32 
 41.87 
 41.9 
 41.81 
 41.91 
 41.86 
 41.96 
 41.9 
 42.25 
 42.23 
 41.92 
 41.83 
 41.91 
 42.09 
 42.08 
 42.01 
 42.57 
 44.42 
 60.34 
 66.27 
 63.61 
 63.16 
 59.54 
 59.13 
 59.75 
 56.77 
 51.87 
 52.29 
 51.44 
 50.88 
 50.34 
 49.32 
 49.45 
 49.22 
 49.39 
 49.97 
 21.23 
 20.29 
 21.61 
