The Collection Interval for this data is: 15 minutes
 0.044 
 0.061 
 0.057 
 0.053 
 0.05 
 0.048 
 0.043 
 0.041 
 0.034 
 0.03 
 0.024 
 0.022 
 0.02 
 0.021 
 0.023 
 0.022 
 0.023 
 0.024 
 0.025 
 0.025 
 0.025 
 0.025 
 0.026 
 0.026 
 0.027 
 0.025 
 0.026 
 0.027 
 0.026 
 0.025 
 0.026 
 0.027 
 0.027 
 0.027 
 0.027 
 0.027 
 0.026 
 0.027 
 0.027 
 0.027 
 0.028 
 0.028 
 0.029 
 0.03 
 0.03 
 0.031 
 0.032 
 0.031 
 0.032 
 0.034 
 0.035 
 0.036 
 0.036 
 0.039 
 0.039 
 0.039 
 0.041 
 0.041 
 0.043 
 0.044 
 0.045 
 0.044 
 0.048 
 0.048 
 0.049 
 0.052 
 0.053 
 0.055 
 0.053 
 0.055 
 0.055 
 0.056 
 0.058 
 0.059 
 0.061 
 0.062 
 0.064 
 0.065 
 0.068 
 0.071 
 0.073 
 0.075 
 0.077 
 0.079 
 0.083 
 0.085 
 0.089 
 0.092 
 0.097 
 0.1 
 0.104 
 0.108 
 0.111 
 0.112 
 0.116 
 0.119 
 0.123 
 0.128 
 0.132 
 0.135 
 0.138 
 0.141 
 0.144 
 0.147 
 0.15 
 0.151 
 0.154 
 0.156 
 0.158 
 0.16 
 0.163 
 0.165 
 0.167 
 0.17 
 0.172 
 0.173 
 0.173 
 0.177 
 0.182 
 0.186 
 0.191 
 0.196 
 0.199 
 0.202 
 0.205 
 0.205 
 0.21 
 0.215 
 0.22 
 0.225 
 0.228 
 0.233 
 0.237 
 0.242 
 0.244 
 0.245 
 0.249 
 0.255 
 0.258 
 0.264 
 0.268 
 0.272 
 0.277 
 0.279 
 0.283 
 0.287 
 0.288 
 0.289 
 0.293 
 0.295 
 0.296 
 0.299 
 0.3 
 0.302 
 0.303 
 0.304 
 0.305 
 0.305 
 0.306 
 0.306 
 0.306 
 0.308 
 0.308 
 0.31 
 0.31 
 0.311 
 0.313 
 0.314 
 0.316 
 0.317 
 0.318 
 0.318 
 0.321 
 0.322 
 0.325 
 0.326 
 0.328 
 0.33 
 0.333 
 0.335 
 0.336 
 0.339 
 0.341 
 0.341 
 0.34 
 0.342 
 0.347 
 0.35 
 0.353 
 0.356 
 0.358 
 0.36 
 0.363 
 0.365 
 0.366 
 0.368 
 0.369 
 0.371 
 0.371 
 0.372 
 0.374 
 0.373 
 0.374 
 0.377 
 0.381 
 0.382 
 0.385 
 0.387 
 0.389 
 0.392 
 0.394 
 0.394 
 0.396 
 0.397 
 0.399 
 0.401 
 0.403 
 0.405 
 0.407 
 0.407 
 0.41 
 0.41 
 0.412 
 0.412 
 0.412 
 0.415 
 0.419 
 0.421 
 0.424 
 0.428 
 0.429 
 0.432 
 0.434 
 0.436 
 0.438 
 0.439 
 0.44 
 0.441 
 0.444 
 0.444 
 0.445 
 0.446 
 0.448 
 0.449 
 0.449 
 0.45 
 0.451 
 0.451 
 0.452 
 0.453 
 0.452 
 0.453 
 0.454 
 0.454 
 0.454 
 0.454 
 0.454 
 0.456 
 0.455 
 0.457 
 0.457 
 0.458 
 0.458 
 0.46 
 0.46 
 0.46 
 0.462 
 0.462 
 0.463 
 0.464 
 0.464 
 0.465 
 0.466 
 0.464 
 0.463 
 0.464 
 0.465 
 0.467 
 0.468 
 0.468 
 0.468 
 0.466 
 0.467 
 0.468 
 0.47 
 0.471 
 0.471 
 0.472 
 0.472 
 0.473 
 0.474 
 0.474 
 0.473 
 0.474 
 0.471 
 0.473 
 0.476 
 0.479 
 0.48 
 0.482 
 0.485 
 0.486 
 0.489 
 0.487 
 0.487 
 0.49 
 0.493 
 0.496 
 0.495 
 0.495 
 0.495 
 0.496 
 0.495 
 0.496 
 0.495 
 0.496 
 0.496 
 0.496 
 0.495 
 0.495 
 0.496 
 0.495 
 0.496 
 0.496 
 0.495 
 0.496 
 0.496 
 0.495 
 0.496 
 0.495 
 0.496 
 0.495 
 0.496 
 0.496 
 0.495 
 0.496 
 0.495 
 0.496 
 0.495 
 0.496 
 0.496 
 0.496 
 0.496 
 0.496 
 0.496 
 0.496 
 0.496 
 0.496 
 0.496 
 0.496 
 0.496 
 0.496 
 0.496 
 0.496 
 0.496 
 0.496 
 0.496 
 0.496 
 0.496 
 0.496 
 0.496 
 0.496 
 0.495 
 0.496 
 0.495 
 0.496 
 0.496 
 0.495 
 0.496 
 0.495 
 0.495 
 0.495 
 0.495 
 0.495 
 0.495 
 0.495 
 0.496 
 0.496 
 0.496 
 0.495 
 0.495 
 0.495 
 0.496 
 0.495 
 0.495 
 0.495 
 0.495 
 0.495 
 0.495 
 0.495 
 0.495 
 0.495 
 0.495 
 0.496 
 0.495 
 0.496 
 0.496 
 0.496 
 0.495 
 0.496 
 0.495 
 0.496 
 0.496 
 0.496 
 0.496 
 0.495 
 0.496 
 0.495 
 0.495 
 0.496 
 0.496 
 0.496 
 0.495 
 0.495 
 0.495 
 0.495 
 0.495 
 0.495 
 0.494 
 0.495 
 0.494 
 0.494 
 0.495 
 0.494 
 0.494 
 0.494 
 0.494 
 0.494 
 0.494 
 0.494 
 0.494 
 0.494 
 0.494 
 0.494 
 0.495 
