The Collection Interval for this data is: 15 minutes
 181.205 
 206.931 
 228.744 
 245.468 
 261.079 
 272.432 
 283.334 
 291.753 
 297.849 
 304.093 
 308.246 
 311.842 
 314.545 
 318.192 
 318.659 
 350.704 
 370.096 
 385.554 
 398.055 
 407.551 
 409.181 
 407.253 
 407.042 
 406.979 
 406.928 
 406.881 
 406.752 
 406.854 
 406.748 
 406.897 
 406.767 
 406.838 
 406.795 
 406.822 
 407.002 
 406.948 
 406.771 
 406.908 
 406.963 
 406.662 
 406.924 
 406.713 
 406.932 
 406.681 
 406.736 
 406.881 
 407.006 
 406.818 
 406.932 
 406.951 
 406.908 
 406.846 
 406.846 
 406.975 
 406.713 
 406.944 
 406.791 
 406.873 
 406.771 
 406.728 
 406.897 
 406.83 
 406.94 
 406.967 
 406.846 
 406.991 
 407.053 
 406.928 
 407.01 
 406.681 
 406.912 
 406.752 
 406.767 
 406.783 
 406.795 
 406.791 
 406.838 
 406.763 
 406.916 
 406.959 
 406.991 
 406.998 
 406.889 
 406.834 
 406.857 
 406.873 
 406.748 
 406.924 
 406.877 
 406.783 
 406.838 
 406.681 
 406.787 
 406.916 
 406.979 
 407.038 
 406.854 
 406.846 
 406.971 
 406.857 
 406.814 
 407.034 
 406.877 
 406.971 
 406.932 
 407.046 
 406.85 
 406.744 
 406.865 
 406.869 
 407.014 
 406.901 
 406.81 
 406.869 
 406.818 
 406.912 
 406.771 
 406.826 
 407.046 
 406.834 
 407.018 
 406.85 
 406.975 
 406.889 
 406.834 
 406.991 
 406.873 
 407.061 
 407.026 
 407.061 
 406.928 
 406.791 
 406.854 
 406.893 
 406.963 
 407.038 
 406.826 
 406.901 
 406.928 
 407.018 
 407.018 
 406.818 
 406.763 
 406.744 
 407.046 
 406.908 
 406.869 
 406.94 
 406.936 
 406.822 
 406.814 
 406.724 
 406.783 
 406.94 
 406.814 
 406.834 
 406.81 
 406.889 
 406.685 
 406.967 
 406.944 
 407.01 
 406.791 
 406.826 
 406.736 
 406.834 
 406.967 
 406.787 
 406.783 
 406.967 
 406.838 
 406.861 
 406.834 
 406.944 
 407.061 
 406.916 
 406.908 
 406.779 
 406.771 
 406.936 
 406.995 
 406.885 
 406.865 
 406.775 
 406.834 
 407.1 
 407.03 
 407.061 
 406.885 
 406.987 
 406.912 
 407.042 
 406.936 
 406.861 
 406.908 
 407.002 
 406.787 
 406.979 
 406.771 
 406.944 
 406.924 
 406.807 
 406.901 
 406.944 
 407.049 
 406.838 
 406.979 
 406.94 
 406.932 
 406.975 
 406.951 
 406.908 
 407.038 
 406.963 
 406.744 
 406.865 
 406.936 
 406.959 
 406.932 
 407.065 
 406.72 
 406.807 
 406.791 
 406.885 
 406.877 
 407.002 
 407.053 
 406.807 
 406.873 
 406.912 
 407.065 
 406.983 
 407.108 
 406.881 
 406.881 
 406.81 
 406.936 
 406.787 
 406.873 
 406.959 
 406.865 
 406.967 
 406.924 
 406.987 
 406.83 
 407.057 
 406.826 
 406.869 
 406.885 
 406.967 
 406.885 
 406.74 
 409.059 
 408.295 
 408.483 
 410.501 
 409.576 
 410.062 
 409.96 
 409.733 
 410.442 
 409.463 
 410.23 
 410.454 
 410.606 
 410.61 
 410.771 
 410.771 
 410.622 
 410.763 
 415.069 
 417.023 
 416.032 
 417.012 
 417.078 
 416.165 
 416.545 
 416.808 
 417.11 
 417.063 
 417.125 
 417.055 
 417.266 
 416.585 
 417.129 
 417.031 
 416.937 
 417.247 
 417.102 
 415.934 
 416.82 
 416.792 
 416.06 
 417.051 
 417.251 
 417.262 
 416.898 
 417.321 
 416.502 
 417.117 
 416.283 
 417.106 
 416.996 
 417.208 
 416.04 
 416.444 
 417.078 
 417.208 
 416.734 
 416.816 
 416.091 
 417.07 
 416.812 
 416.04 
 416.726 
 416.757 
 417.023 
 417.117 
 416.984 
 417.149 
 416.726 
 417.031 
 416.753 
 416.455 
 417.066 
 417.188 
 417.243 
 417.133 
 416.134 
 417.172 
 416.702 
 416.146 
 416.894 
 416.992 
 417.016 
 416.099 
 417.18 
 416.13 
 416.463 
 416.886 
 416.303 
 416.444 
 416.769 
 416.224 
 416.969 
 417.059 
 416.334 
 416.925 
 417.149 
 416.455 
 416.071 
 417.051 
 415.946 
 416.878 
 415.989 
 416.232 
 417.051 
 417.016 
 416.965 
 416.064 
 417 
 416.451 
 416.914 
 416.769 
 416.98 
 417.031 
 417.211 
 417.086 
 417.29 
 417.219 
 417.161 
 417.055 
 416.925 
 416.357 
 417.078 
 416.146 
 416.722 
 416.765 
 417.145 
 417.098 
 417.302 
 417.117 
 417.094 
 416.263 
 417 
 416.075 
 417.082 
 417.208 
 417.18 
 417.247 
 417.153 
 416.283 
 416.855 
 417.043 
 416.001 
 417.121 
 416.498 
 416.314 
 417.125 
 417.106 
 416.98 
 417.168 
 416.777 
 417.255 
 416.338 
 416.506 
 416.976 
 417.164 
 415.938 
 417.168 
 417.161 
 416.953 
 417.235 
 415.903 
 415.194 
 412.201 
 409.408 
 408.272 
 409.839 
 410.998 
 411.942 
 412.299 
 411.523 
 412.334 
 412.93 
 412.804 
 412.287 
 412.479 
 413.29 
 385.374 
 332.154 
 289.681 
 254.399 
 237.554 
 216.067 
