The Collection Interval for this data is: 15 minutes
 7.089 
 7.104 
 7.071 
 7.062 
 7.056 
 7.046 
 7.045 
 7.05 
 7.042 
 7.044 
 7.036 
 7.045 
 7.031 
 7.039 
 7.03 
 7.035 
 7.021 
 7.029 
 7.012 
 7.016 
 7.021 
 7.014 
 7.015 
 7.014 
 7.003 
 6.999 
 7.001 
 7 
 6.997 
 6.994 
 6.995 
 6.998 
 6.995 
 6.989 
 6.992 
 6.989 
 6.996 
 6.988 
 6.989 
 6.996 
 6.988 
 6.991 
 6.987 
 6.985 
 6.988 
 6.99 
 6.982 
 6.979 
 6.981 
 6.981 
 6.979 
 6.979 
 6.983 
 6.978 
 6.975 
 6.978 
 6.977 
 6.982 
 6.974 
 6.979 
 6.983 
 6.974 
 6.982 
 6.975 
 6.975 
 6.98 
 6.971 
 6.97 
 6.98 
 6.969 
 6.973 
 6.973 
 6.97 
 6.965 
 6.965 
 6.976 
 6.965 
 6.964 
 6.976 
 6.964 
 6.976 
 6.963 
 6.963 
 6.974 
 6.962 
 6.973 
 6.96 
 6.961 
 6.97 
 6.96 
 6.966 
 6.963 
 6.967 
 6.958 
 6.969 
 6.97 
 6.963 
 6.959 
 6.965 
 6.964 
 6.968 
 6.955 
 6.966 
 6.966 
 6.966 
 6.955 
 6.96 
 6.96 
 6.961 
 6.959 
 6.961 
 6.959 
 6.953 
 6.959 
 6.949 
 6.96 
 6.954 
 6.963 
 6.964 
 6.95 
 6.963 
 6.96 
 6.956 
 6.949 
 6.953 
 6.957 
 6.964 
 6.962 
 6.957 
 6.958 
 6.953 
 6.953 
 6.952 
 6.957 
 6.958 
 6.952 
 6.964 
 6.951 
 6.957 
 6.954 
 6.956 
 6.962 
 6.952 
 6.964 
 6.957 
 6.954 
 6.952 
 6.96 
 6.953 
 6.951 
 6.962 
 6.958 
 6.957 
 6.953 
 6.963 
 6.952 
 6.957 
 6.958 
 6.953 
 6.953 
 6.962 
 6.954 
 6.958 
 6.952 
 6.952 
 6.954 
 6.959 
 6.952 
 6.957 
 6.956 
 6.962 
 6.961 
 6.95 
 6.956 
 6.957 
 6.962 
 6.949 
 6.96 
 6.95 
 6.951 
 6.959 
 6.949 
 6.957 
 6.946 
 6.958 
 6.958 
 6.955 
 6.95 
 6.958 
 6.957 
 6.956 
 6.947 
 6.956 
 6.945 
 6.95 
 6.955 
 6.95 
 6.947 
 6.947 
 6.953 
 6.944 
 6.941 
 6.951 
 6.952 
 6.942 
 6.953 
 6.942 
 6.952 
 6.949 
 6.947 
 6.946 
 6.945 
 6.951 
 6.943 
 6.942 
 6.942 
 6.939 
 6.946 
 6.941 
 6.947 
 6.942 
 6.943 
 6.943 
 6.936 
 6.944 
 6.936 
 6.936 
 6.947 
 6.941 
 6.934 
 6.945 
 6.933 
 6.942 
 6.941 
 6.935 
 6.943 
 6.933 
 6.943 
 6.941 
 6.94 
 6.942 
 6.938 
 6.931 
 6.94 
 6.943 
 6.943 
 6.934 
 6.933 
 6.939 
 6.93 
 6.936 
 6.941 
 6.929 
 6.931 
 6.93 
 6.93 
 6.935 
 6.929 
 6.937 
 6.927 
 6.931 
 6.937 
 6.931 
 6.932 
 6.933 
 6.936 
 6.93 
 6.934 
 6.935 
 6.926 
 6.928 
 6.925 
 6.933 
 6.923 
 6.929 
 6.926 
 6.932 
 6.933 
 6.92 
 6.933 
 6.919 
 6.93 
 6.933 
 6.923 
 6.929 
 6.925 
 6.925 
 6.929 
 6.914 
 6.928 
 6.926 
 6.919 
 6.928 
 6.917 
 6.929 
 6.92 
 6.919 
 6.918 
 6.926 
 6.917 
 6.924 
 6.921 
 6.912 
 6.922 
 6.916 
 6.926 
 6.915 
 6.914 
 6.925 
 6.923 
 6.919 
 6.913 
 6.921 
 6.912 
 6.922 
 6.914 
 6.912 
 6.91 
 6.92 
 6.918 
 6.909 
 6.919 
 6.912 
 6.908 
 6.92 
 6.909 
 6.907 
 6.919 
 6.91 
 6.919 
 6.906 
 6.917 
 6.905 
 6.911 
 6.916 
 6.905 
 6.915 
 6.903 
 6.915 
 6.912 
 6.909 
 6.903 
 6.903 
 6.904 
 6.901 
 6.913 
 6.909 
 6.903 
 6.909 
 6.9 
 6.911 
 6.899 
 6.906 
 6.909 
 6.904 
 6.903 
 6.91 
 6.899 
 6.897 
 6.897 
 6.908 
 6.894 
 6.906 
 6.904 
 6.892 
 6.903 
 6.897 
 6.905 
 6.897 
 6.908 
 6.901 
 6.905 
 6.903 
 6.897 
 6.897 
 6.901 
 6.892 
 6.896 
 6.89 
 6.905 
 6.892 
 6.902 
 6.896 
 6.889 
 6.891 
 6.899 
 6.892 
 6.896 
 6.895 
 6.896 
 6.888 
 6.896 
 6.89 
 6.883 
 6.89 
 6.882 
 6.882 
 6.887 
 6.889 
 6.88 
 6.89 
 6.879 
 6.875 
 6.887 
 6.886 
 6.885 
 6.877 
 6.884 
 6.883 
 6.877 
 6.878 
 6.873 
 6.884 
 6.877 
 6.872 
 6.877 
 6.866 
 6.876 
 6.874 
 6.858 
 6.871 
 6.866 
 6.856 
 6.864 
 6.855 
 6.863 
 6.856 
 6.861 
 6.864 
 6.858 
 6.862 
 6.864 
 6.859 
 6.86 
 6.868 
