The Collection Interval for this data is: 15 minutes
 123.252 
 123.377 
 123.32 
 123.775 
 121.911 
 122.925 
 122.578 
 122.378 
 122.451 
 122.423 
 122.412 
 121.867 
 121.703 
 121.776 
 123.707 
 122.51 
 121.553 
 121.522 
 121.145 
 121.858 
 121.064 
 125.457 
 125.1 
 125.828 
 126.122 
 122.421 
 126.503 
 126.662 
 126.812 
 126.272 
 126.564 
 126.532 
 126.414 
 126.583 
 126.55 
 126.545 
 126.444 
 126.609 
 126.435 
 126.168 
 126.073 
 126.42 
 126.365 
 126.465 
 127.028 
 125.767 
 125.955 
 126.513 
 125.75 
 126.179 
 126.528 
 126.185 
 125.959 
 126.027 
 126.274 
 126.382 
 126.069 
 126.264 
 126.439 
 126.067 
 126.509 
 125.927 
 126.052 
 125.762 
 126.516 
 126.101 
 126.355 
 126.6 
 126.486 
 126.173 
 126.101 
 125.84 
 126.052 
 126.526 
 126.215 
 126.325 
 126.64 
 126.605 
 126.448 
 126.175 
 125.976 
 126.459 
 126.19 
 126.6 
 126.461 
 126.329 
 125.929 
 125.894 
 125.749 
 125.766 
 125.779 
 126.131 
 126.49 
 126.66 
 125.976 
 125.953 
 125.896 
 126.092 
 125.927 
 126.145 
 126.403 
 126.482 
 126.511 
 126.27 
 125.921 
 126.514 
 126.573 
 126.549 
 126.461 
 126.092 
 126.205 
 126.454 
 125.9 
 126.107 
 126.596 
 126.427 
 124.776 
 125.838 
 125.965 
 126.442 
 126.448 
 125.991 
 126.325 
 126.844 
 126.793 
 125.893 
 126.101 
 126.202 
 127.121 
 126.77 
 126.742 
 126.712 
 126.471 
 126.672 
 126.801 
 126.382 
 126.006 
 126.414 
 126.486 
 126.078 
 126.431 
 126.473 
 126.238 
 126.052 
 126.422 
 126.154 
 126.45 
 126.494 
 126.408 
 126.168 
 126.499 
 126.704 
 126.585 
 126.507 
 126.568 
 126.892 
 127.055 
 126.537 
 125.853 
 125.749 
 125.212 
 125.565 
 125.764 
 125.36 
 125.76 
 125.79 
 125.792 
 125.815 
 125.293 
 125.574 
 125.428 
 125.752 
 125.604 
 125.292 
 125.726 
 125.244 
 125.185 
 125.612 
 125.769 
 125.747 
 125.771 
 125.639 
 125.921 
 126.374 
 125.102 
 125.178 
 125.25 
 125.906 
 125.934 
 125.644 
 125.33 
 125.58 
 125.542 
 125.314 
 125.62 
 125.91 
 125.502 
 125.599 
 125.722 
 125.9 
 126.331 
 125.898 
 125.618 
 125.242 
 125.665 
 125.783 
 126.075 
 126.329 
 126.037 
 126.147 
 126.446 
 126.069 
 125.798 
 125.703 
 123.928 
 123.689 
 123.872 
 124.01 
 124.255 
 124.016 
 123.947 
 124.414 
 124.465 
 124.736 
 123.868 
 124.575 
 124.353 
 124.653 
 124.355 
 124.535 
 124.497 
 124.41 
 124.873 
 124.34 
 125.041 
 124.418 
 124.63 
 124.986 
 124.44 
 124.628 
 125.056 
 124.309 
 124.319 
 124.522 
 124.34 
 124.319 
 124.484 
 125.072 
 125.017 
 125.055 
 124.994 
 125.851 
 126.338 
 125.377 
 125.5 
 126.209 
 125.182 
 125.815 
 124.628 
 123.189 
 125.635 
 125.055 
 125.017 
 123.949 
 125.047 
 124.306 
 124.444 
 124.211 
 124.344 
 105.384 
 125.151 
 118.927 
 120.315 
 120.658 
 125.278 
 124.931 
 119.704 
 122.925 
 123.179 
 123.906 
 125.111 
 124.541 
 123.727 
 122.266 
 121.704 
 125.297 
 122.47 
 125.813 
 123.942 
 122.999 
 119.113 
 122.863 
 122.986 
 125.193 
 122.18 
 124.169 
 118.563 
 123.181 
 118.256 
 124.198 
 118.83 
 125.324 
 125.686 
 125.197 
 123.911 
 122.924 
 125.036 
 120.811 
 120.171 
 121.795 
 115.452 
 123.096 
 118.703 
 122.596 
 120.595 
 123.299 
 124.965 
 121.566 
 123.801 
 125.223 
 121.574 
 125.104 
 121.119 
 124.364 
 123.001 
 125.081 
 124.05 
 125.034 
 123.013 
 121.071 
 123.155 
 120.927 
 117.804 
 123.312 
 123.674 
 121.49 
 125.182 
 118.828 
 117.918 
 124.694 
 121.039 
 120.284 
 123.652 
 123.689 
 123.767 
 122.324 
 116.887 
 124.414 
 125.172 
 122.292 
 122.362 
 124.309 
 123.661 
 117.567 
 119.873 
 121.122 
 125.108 
 125.309 
 122.895 
 118.54 
 125.07 
 119.778 
 125.191 
 117.507 
 123.748 
 119.01 
 125.036 
 123.344 
 122.596 
 121.007 
 123.805 
 114.138 
 123.111 
 120.887 
 125.257 
 120.049 
 117.073 
 125.445 
 119.708 
 123.864 
 123.379 
 125.185 
 125.202 
 120.927 
 122.965 
 121.627 
 125.694 
 124.55 
 125.69 
 125.716 
 125.074 
 117.495 
 123.86 
 125.709 
 121.151 
 124.15 
 116.475 
 123.735 
 125.714 
 124.67 
 125.079 
 124.391 
 124.292 
 124.404 
 116.79 
 114.669 
 123.155 
 125.656 
 125.212 
 125.007 
 124.981 
 126.389 
 122.797 
 123.925 
 120.29 
 123.953 
 121.885 
 115.836 
 123.862 
 122.715 
 123.238 
 118.129 
 118.356 
 122.503 
 121.849 
 124.931 
 123.686 
 124.217 
 123.739 
 123.712 
 111.364 
 114.064 
 72.556 
 123.511 
 124.973 
