The Collection Interval for this data is: 15 minutes
 66.869 
 93.667 
 117.687 
 136.919 
 152.506 
 165.415 
 175.767 
 184.011 
 190.771 
 196.168 
 200.607 
 203.932 
 207.075 
 209.135 
 212.826 
 244.019 
 263.982 
 280.589 
 292.309 
 301.552 
 306.824 
 306.827 
 307.674 
 307.895 
 308.404 
 307.832 
 307.993 
 308.198 
 308.077 
 308.229 
 308.246 
 308.185 
 308.123 
 308.263 
 308.386 
 308.265 
 308.353 
 308.123 
 308.26 
 308.352 
 308.113 
 308.104 
 308.074 
 307.999 
 308.023 
 308.337 
 308.258 
 308.412 
 308.325 
 308.173 
 308.161 
 308.026 
 308.062 
 308.138 
 307.939 
 307.945 
 308.014 
 307.942 
 307.886 
 307.838 
 307.868 
 307.904 
 307.856 
 308.112 
 307.977 
 308.01 
 307.787 
 308.086 
 308.029 
 308.105 
 308.062 
 307.859 
 307.95 
 307.926 
 307.983 
 308.137 
 308.108 
 307.979 
 307.976 
 307.909 
 307.994 
 308.075 
 308.075 
 307.876 
 307.715 
 307.541 
 307.773 
 307.872 
 307.923 
 308.032 
 308.11 
 308.059 
 308.263 
 309.084 
 308.833 
 308.461 
 308.33 
 308.379 
 308.174 
 308.053 
 308.067 
 308.142 
 308.11 
 308.176 
 308.082 
 308.286 
 308.31 
 308.319 
 308.264 
 308.137 
 308.287 
 308.344 
 308.341 
 308.259 
 308.7 
 309.499 
 309.489 
 308.986 
 308.936 
 308.824 
 308.587 
 308.58 
 308.57 
 308.608 
 309.495 
 309.504 
 309.088 
 308.89 
 308.365 
 308.372 
 308.364 
 308.166 
 308.136 
 308.163 
 309.069 
 309.41 
 308.983 
 308.744 
 308.364 
 308.178 
 308.106 
 308.083 
 307.877 
 307.961 
 307.725 
 307.613 
 307.634 
 307.506 
 307.458 
 307.431 
 307.564 
 307.261 
 307.46 
 307.359 
 307.404 
 307.727 
 307.583 
 307.574 
 307.692 
 307.811 
 307.482 
 307.444 
 307.363 
 307.22 
 307.152 
 307.152 
 307.192 
 307.318 
 307.194 
 307.416 
 307.317 
 307.35 
 307.059 
 307.305 
 307.624 
 307.479 
 307.47 
 307.346 
 307.385 
 307.488 
 307.452 
 307.623 
 307.786 
 308.574 
 309.132 
 308.527 
 308.382 
 308.145 
 308.082 
 308.012 
 308.082 
 307.946 
 307.83 
 307.702 
 307.937 
 308.04 
 307.969 
 308.048 
 308.047 
 308.046 
 308.376 
 309.292 
 309.459 
 309.014 
 308.652 
 308.516 
 308.368 
 308.358 
 308.293 
 308.354 
 308.343 
 308.232 
 308.104 
 308.23 
 308.2 
 308.09 
 308.061 
 308.039 
 307.969 
 308.088 
 307.819 
 307.737 
 308.098 
 308.953 
 308.734 
 308.207 
 308.083 
 308.133 
 308.196 
 307.88 
 307.791 
 307.621 
 307.59 
 307.634 
 307.552 
 307.546 
 307.437 
 307.534 
 307.312 
 307.446 
 307.333 
 307.529 
 307.384 
 307.487 
 307.265 
 307.296 
 307.266 
 307.189 
 307.161 
 307.147 
 307.056 
 307.2 
 307.406 
 307.997 
 308.395 
 308.395 
 308.694 
 308.759 
 308.656 
 308.587 
 308.611 
 308.641 
 308.806 
 308.58 
 308.794 
 308.485 
 308.72 
 308.518 
 308.462 
 304.534 
 307.155 
 307.35 
 306.714 
 307.085 
 307.82 
 307.159 
 306.762 
 306.982 
 307.275 
 306.981 
 306.939 
 307.058 
 307.331 
 307.169 
 307.072 
 306.892 
 306.901 
 307.21 
 306.986 
 306.844 
 306.503 
 306.719 
 307.108 
 307.563 
 307.522 
 307.543 
 307.094 
 306.998 
 306.446 
 307.267 
 306.618 
 307.141 
 307.449 
 307.428 
 306.833 
 307.163 
 307.255 
 307.328 
 306.747 
 306.721 
 306.184 
 307.391 
 306.842 
 307.351 
 307.378 
 307.097 
 307.258 
 307.46 
 307.173 
 307.367 
 307.325 
 307.519 
 307.087 
 307.232 
 307.318 
 307.092 
 306.87 
 307.389 
 307.102 
 306.901 
 306.971 
 306.998 
 306.573 
 306.966 
 307.216 
 306.868 
 307.276 
 307.181 
 307.183 
 307.532 
 307.083 
 307.351 
 307.348 
 307.016 
 306.82 
 307.281 
 307.182 
 307.26 
 307.045 
 306.949 
 307.03 
 307.492 
 306.877 
 306.544 
 307.337 
 306.617 
 307.527 
 306.804 
 307.48 
 306.711 
 307.159 
 306.84 
 307.282 
 307.196 
 308.165 
 307.34 
 307.429 
 306.999 
 307.311 
 307.11 
 307.092 
 306.776 
 307.151 
 306.92 
 307.678 
 307.082 
 306.423 
 306.859 
 307.466 
 307.269 
 307.252 
 307.153 
 307.375 
 307.171 
 307.204 
 307.095 
 306.793 
 307.333 
 307.661 
 307.356 
 307.014 
 307.059 
 306.759 
 307.09 
 307.097 
 307.193 
 306.408 
 307.149 
 306.883 
 307.209 
 306.892 
 306.642 
 306.572 
 307.232 
 306.792 
 306.986 
 307.492 
 307.17 
 307.104 
 306.952 
 307.383 
 307.085 
 307.615 
 306.729 
 307.212 
 307.323 
 306.82 
 306.659 
 307.131 
 306.961 
 306.651 
 306.706 
 306.702 
 307.22 
 307.52 
 307.604 
 307.118 
 307.133 
 307.164 
 307.029 
 299.844 
 287.626 
 252.324 
 224.304 
 203.05 
