The Collection Interval for this data is: 15 minutes
 66.395 
 93.524 
 117.647 
 136.809 
 152.291 
 164.985 
 175.227 
 183.659 
 190.388 
 195.784 
 200.231 
 203.666 
 206.546 
 208.694 
 212.74 
 244.634 
 264.61 
 279.521 
 291.077 
 300.56 
 305.722 
 305.782 
 306.768 
 306.947 
 307.338 
 306.854 
 306.911 
 307.099 
 307.098 
 307.141 
 307.161 
 307.109 
 307.081 
 307.34 
 307.304 
 307.243 
 307.09 
 307.101 
 307.099 
 307.092 
 307.061 
 306.892 
 306.959 
 306.951 
 307.01 
 307.152 
 307.125 
 307.248 
 307.247 
 307.055 
 307.266 
 307.109 
 307.059 
 307.031 
 306.667 
 306.947 
 306.875 
 307.077 
 306.753 
 306.717 
 306.81 
 306.889 
 306.871 
 306.949 
 306.672 
 306.825 
 306.795 
 306.962 
 306.914 
 306.82 
 306.956 
 306.969 
 306.992 
 306.883 
 307.164 
 306.931 
 306.963 
 307.074 
 306.887 
 306.843 
 307.053 
 306.939 
 306.776 
 306.897 
 306.75 
 306.677 
 306.696 
 306.956 
 307.028 
 306.968 
 307.019 
 307.173 
 307.26 
 308.128 
 307.79 
 307.514 
 307.339 
 307.274 
 307.034 
 307.097 
 306.943 
 307.108 
 307.013 
 306.932 
 307.039 
 307.027 
 307.134 
 307.429 
 307.209 
 307.088 
 307.096 
 307.223 
 307.276 
 307.391 
 307.819 
 308.465 
 308.554 
 307.553 
 307.678 
 307.715 
 307.529 
 307.465 
 307.597 
 307.43 
 308.553 
 308.403 
 307.982 
 307.905 
 307.197 
 307.304 
 307.277 
 307.054 
 307.226 
 307.084 
 308.05 
 308.361 
 308.033 
 307.738 
 307.442 
 307.241 
 306.988 
 306.883 
 306.945 
 306.852 
 306.857 
 306.73 
 306.729 
 306.554 
 306.43 
 306.588 
 306.421 
 306.269 
 306.507 
 306.325 
 306.361 
 306.654 
 306.843 
 306.733 
 306.869 
 306.843 
 306.602 
 306.558 
 306.421 
 306.313 
 306.158 
 306.335 
 306.276 
 306.184 
 306.491 
 306.449 
 306.328 
 306.295 
 306.299 
 306.229 
 306.664 
 306.599 
 306.463 
 306.397 
 306.403 
 306.448 
 306.505 
 306.583 
 306.697 
 307.751 
 308.167 
 307.553 
 307.391 
 307.027 
 307.013 
 306.936 
 306.868 
 307.063 
 307.065 
 306.986 
 306.671 
 307.211 
 306.912 
 307.048 
 307.008 
 307.082 
 307.367 
 308.498 
 308.41 
 307.942 
 307.71 
 307.576 
 307.333 
 307.322 
 307.435 
 307.537 
 307.421 
 307.365 
 307.181 
 307.285 
 307.187 
 307.108 
 307.24 
 307.13 
 307.043 
 306.917 
 306.87 
 306.9 
 307.29 
 308.079 
 307.785 
 307.153 
 307.069 
 307.115 
 306.913 
 306.907 
 306.806 
 306.642 
 306.632 
 306.622 
 306.552 
 306.482 
 306.491 
 306.443 
 306.388 
 306.409 
 306.444 
 306.49 
 306.428 
 306.462 
 306.25 
 306.486 
 306.242 
 306.279 
 306.287 
 306.107 
 306.158 
 306.207 
 306.523 
 306.978 
 307.509 
 307.452 
 307.633 
 307.701 
 307.864 
 307.71 
 307.605 
 307.746 
 307.697 
 307.7 
 307.893 
 307.3 
 307.629 
 307.6 
 307.38 
 303.518 
 306.203 
 306.2 
 305.504 
 305.906 
 306.645 
 306.196 
 305.602 
 305.78 
 306.131 
 305.909 
 306.219 
 305.945 
 306.232 
 305.923 
 305.846 
 305.892 
 305.878 
 306.066 
 305.914 
 305.618 
 305.386 
 305.581 
 306.174 
 306.602 
 306.47 
 306.505 
 305.923 
 305.803 
 305.144 
 305.933 
 305.622 
 305.955 
 306.358 
 306.219 
 305.715 
 305.923 
 306.026 
 306.208 
 305.654 
 305.689 
 304.994 
 306.358 
 305.706 
 306.12 
 306.348 
 306.014 
 306.349 
 306.4 
 306.118 
 306.292 
 306.467 
 306.43 
 305.993 
 306.126 
 306.291 
 305.972 
 305.753 
 306.356 
 306.072 
 305.811 
 305.941 
 305.939 
 305.589 
 305.758 
 306.189 
 305.91 
 306.393 
 306.051 
 306.009 
 306.478 
 305.916 
 306.341 
 306.442 
 306.1 
 305.916 
 306.314 
 306.212 
 306.263 
 305.933 
 306.018 
 305.817 
 306.347 
 305.864 
 305.622 
 306.183 
 305.679 
 306.475 
 305.583 
 306.35 
 305.623 
 306.156 
 305.785 
 306.327 
 306.174 
 306.754 
 306.05 
 306.161 
 305.852 
 306.126 
 305.848 
 305.926 
 305.647 
 306.025 
 305.803 
 306.647 
 305.998 
 305.168 
 305.718 
 306.42 
 306.214 
 305.978 
 306.015 
 306.201 
 306.174 
 306.132 
 305.897 
 305.519 
 306.421 
 306.511 
 306.378 
 305.994 
 305.786 
 305.639 
 306.045 
 306.038 
 306.09 
 305.369 
 305.947 
 305.826 
 306.221 
 305.654 
 305.461 
 305.358 
 306.033 
 305.536 
 305.744 
 306.429 
 306.184 
 305.963 
 305.69 
 306.379 
 306.081 
 306.15 
 305.231 
 305.834 
 305.879 
 305.572 
 305.369 
 305.766 
 305.618 
 305.064 
 305.379 
 305.309 
 306.044 
 306.07 
 306.373 
 305.728 
 305.864 
 306.093 
 306.218 
 299.161 
 287.05 
 251.781 
 223.648 
 202.302 
