The Collection Interval for this data is: 15 minutes
 68.549 
 95.147 
 119.326 
 138.551 
 154.08 
 167.044 
 177.216 
 185.466 
 192.208 
 197.637 
 202.039 
 205.598 
 208.655 
 210.642 
 214.433 
 246.184 
 266.389 
 281.43 
 293.049 
 302.133 
 307.51 
 307.502 
 308.28 
 308.5 
 308.942 
 308.215 
 308.724 
 308.77 
 308.82 
 308.901 
 308.707 
 308.664 
 308.821 
 308.725 
 308.686 
 308.691 
 308.729 
 308.543 
 308.665 
 308.813 
 308.59 
 308.554 
 308.735 
 308.739 
 308.61 
 308.655 
 308.911 
 308.728 
 308.866 
 308.632 
 308.669 
 308.744 
 308.664 
 308.694 
 308.538 
 308.405 
 308.209 
 308.372 
 308.225 
 308.37 
 308.321 
 308.668 
 308.321 
 308.297 
 308.43 
 308.406 
 308.357 
 308.523 
 308.553 
 308.544 
 308.535 
 308.321 
 308.524 
 308.382 
 308.424 
 308.597 
 308.487 
 308.508 
 308.478 
 308.436 
 308.255 
 308.545 
 308.545 
 308.446 
 308.269 
 308.155 
 308.127 
 308.434 
 308.153 
 308.548 
 308.554 
 308.654 
 308.943 
 309.453 
 309.432 
 309.105 
 308.688 
 308.846 
 308.675 
 308.648 
 308.743 
 308.56 
 308.671 
 308.594 
 308.79 
 308.828 
 308.677 
 308.98 
 308.833 
 308.726 
 308.759 
 308.81 
 308.896 
 308.981 
 309.304 
 310.007 
 310.099 
 309.399 
 309.359 
 309.267 
 309.104 
 308.978 
 309.03 
 309.149 
 309.891 
 310.107 
 309.546 
 309.505 
 308.62 
 308.73 
 308.863 
 308.853 
 308.67 
 308.716 
 309.753 
 310.002 
 309.458 
 309.12 
 308.851 
 308.749 
 308.534 
 308.351 
 308.336 
 308.45 
 308.311 
 308.181 
 308.059 
 308.221 
 307.919 
 307.897 
 308.099 
 308.011 
 308.148 
 307.987 
 307.921 
 308.326 
 308.342 
 308.263 
 308.21 
 308.367 
 308.066 
 308.016 
 307.715 
 307.873 
 307.946 
 307.807 
 307.797 
 307.953 
 307.981 
 308.028 
 307.985 
 307.784 
 307.839 
 307.693 
 308.06 
 308.148 
 308.181 
 308.01 
 307.955 
 308.037 
 308.175 
 308.124 
 308.474 
 309.311 
 309.737 
 309.141 
 308.876 
 308.815 
 308.722 
 308.567 
 308.547 
 308.54 
 308.596 
 308.685 
 308.473 
 308.749 
 308.491 
 308.715 
 308.805 
 308.598 
 309.228 
 309.832 
 309.923 
 309.536 
 309.336 
 309.069 
 308.919 
 309.11 
 308.871 
 309.219 
 308.758 
 308.844 
 308.844 
 308.695 
 308.869 
 308.809 
 308.666 
 308.796 
 308.623 
 308.644 
 308.358 
 308.361 
 308.732 
 309.883 
 309.178 
 308.829 
 308.721 
 308.839 
 308.755 
 308.596 
 308.401 
 308.306 
 308.444 
 308.224 
 308.108 
 308.195 
 307.893 
 308.034 
 308.109 
 308.184 
 308.078 
 308.135 
 308.081 
 308.047 
 307.745 
 308.043 
 307.785 
 307.735 
 307.706 
 307.71 
 307.833 
 307.97 
 308.258 
 308.727 
 309.22 
 309.2 
 309.32 
 309.58 
 309.425 
 309.344 
 309.434 
 309.316 
 309.407 
 309.416 
 309.575 
 309.172 
 309.512 
 309.38 
 309.308 
 305.497 
 307.758 
 308.038 
 307.422 
 307.785 
 308.553 
 307.988 
 307.286 
 307.644 
 307.922 
 307.657 
 307.916 
 308.053 
 308.099 
 307.611 
 307.941 
 307.613 
 307.72 
 307.887 
 307.76 
 307.511 
 307.203 
 307.479 
 307.822 
 308.318 
 308.481 
 308.408 
 307.802 
 307.746 
 307.138 
 307.935 
 307.352 
 307.676 
 308.287 
 308.2 
 307.572 
 307.795 
 307.952 
 307.92 
 307.445 
 307.627 
 307.047 
 308.077 
 307.632 
 308.021 
 308.101 
 307.618 
 307.948 
 308.45 
 307.991 
 308.065 
 308.11 
 308.409 
 307.898 
 308.038 
 307.975 
 307.696 
 307.669 
 308.207 
 307.96 
 307.709 
 307.934 
 307.903 
 307.406 
 307.85 
 307.953 
 307.964 
 308.265 
 307.787 
 307.961 
 308.147 
 307.929 
 308.378 
 308.268 
 308.049 
 307.82 
 308.311 
 308.166 
 308.275 
 307.792 
 307.916 
 307.846 
 308.361 
 307.623 
 307.342 
 308.289 
 307.568 
 308.488 
 307.686 
 308.102 
 307.602 
 307.987 
 307.635 
 308.065 
 308.132 
 308.907 
 308.291 
 308.174 
 307.869 
 307.987 
 307.71 
 307.82 
 307.713 
 307.722 
 307.824 
 308.567 
 307.877 
 307.194 
 307.758 
 308.227 
 308.2 
 308.178 
 308.086 
 308.167 
 308.061 
 307.977 
 307.809 
 307.61 
 308.184 
 308.578 
 308.206 
 307.749 
 307.802 
 307.492 
 307.875 
 308.033 
 308.008 
 307.455 
 307.602 
 307.638 
 307.875 
 307.513 
 307.278 
 307.336 
 308.088 
 307.645 
 307.788 
 308.181 
 307.671 
 307.826 
 307.85 
 308.22 
 307.901 
 308.34 
 307.424 
 307.985 
 308.182 
 307.694 
 307.476 
 307.952 
 307.688 
 307.136 
 307.499 
 307.489 
 308.125 
 308.14 
 308.412 
 307.669 
 308.106 
 307.642 
 307.555 
 300.13 
 287.671 
 252.599 
 224.6 
 203.242 
