The Collection Interval for this data is: 15 minutes
 68.03 
 94.44 
 118.928 
 138.374 
 154.028 
 167.095 
 177.023 
 185.69 
 192.434 
 197.802 
 202.43 
 205.956 
 208.728 
 210.95 
 214.494 
 246.018 
 266.325 
 280.949 
 292.682 
 301.685 
 306.876 
 306.914 
 307.524 
 308.022 
 308.374 
 308.116 
 308.111 
 308.391 
 308.16 
 308.287 
 308.129 
 308.116 
 308.261 
 308.355 
 308.207 
 308.182 
 308.12 
 307.998 
 308.039 
 308.05 
 307.952 
 308.241 
 307.849 
 308.247 
 307.992 
 307.989 
 308.275 
 308.182 
 308.446 
 308.34 
 308.226 
 308.121 
 308.423 
 308.016 
 308.143 
 307.878 
 308.176 
 308.218 
 307.87 
 308.044 
 307.828 
 307.888 
 308.204 
 307.969 
 308.029 
 307.812 
 307.855 
 308.197 
 307.971 
 308.104 
 308.067 
 307.788 
 308.274 
 308.051 
 308.117 
 308.182 
 307.92 
 307.975 
 308.014 
 307.796 
 307.966 
 308.098 
 307.948 
 307.722 
 307.492 
 307.804 
 307.736 
 308.193 
 308.102 
 308.03 
 308.211 
 307.976 
 308.144 
 309.106 
 308.974 
 308.504 
 308.236 
 308.225 
 308.398 
 308.014 
 308.012 
 308.227 
 308.197 
 308.213 
 308.119 
 308.226 
 308.298 
 308.415 
 308.569 
 308.197 
 308.145 
 308.477 
 308.428 
 308.039 
 308.884 
 309.621 
 309.363 
 308.911 
 308.683 
 308.834 
 308.41 
 308.443 
 308.645 
 308.767 
 309.663 
 309.45 
 309.071 
 308.945 
 308.335 
 308.456 
 308.43 
 308.373 
 308.15 
 308.402 
 309.248 
 309.441 
 309.059 
 308.897 
 308.496 
 308.431 
 308.111 
 307.881 
 307.735 
 308.005 
 307.851 
 307.814 
 307.581 
 307.406 
 307.607 
 307.837 
 307.35 
 307.645 
 307.467 
 307.796 
 307.512 
 307.531 
 308.068 
 307.761 
 307.59 
 307.737 
 307.639 
 307.645 
 307.414 
 307.355 
 307.199 
 307.389 
 307.542 
 307.587 
 307.47 
 307.471 
 307.595 
 307.562 
 307.196 
 307.381 
 307.797 
 307.432 
 307.613 
 307.501 
 307.411 
 307.441 
 307.652 
 307.48 
 307.98 
 308.844 
 309.107 
 308.534 
 308.645 
 308.216 
 307.874 
 308.246 
 308.145 
 308.053 
 308.127 
 307.957 
 307.969 
 308.319 
 307.992 
 308.297 
 308.093 
 308.227 
 308.547 
 309.317 
 309.258 
 309.108 
 308.66 
 308.407 
 308.625 
 308.416 
 308.46 
 308.452 
 308.457 
 308.364 
 308.283 
 308.353 
 308.274 
 308.172 
 308.06 
 307.95 
 308.125 
 307.851 
 308.146 
 307.865 
 308.398 
 309.133 
 308.565 
 308.215 
 308.191 
 308.274 
 308.178 
 307.926 
 308.138 
 307.639 
 307.741 
 307.587 
 307.716 
 307.685 
 307.34 
 307.373 
 307.313 
 307.429 
 307.393 
 307.639 
 307.561 
 307.557 
 307.181 
 307.442 
 307.395 
 307.282 
 307.35 
 307.329 
 307.205 
 307.474 
 307.859 
 308.172 
 308.743 
 308.936 
 309.144 
 308.718 
 308.81 
 308.867 
 308.768 
 308.613 
 308.764 
 308.906 
 308.897 
 308.539 
 309.159 
 308.879 
 308.588 
 305.635 
 307.507 
 307.626 
 307.095 
 307.479 
 307.723 
 307.325 
 306.786 
 307.267 
 307.388 
 307.353 
 307.45 
 307.077 
 307.394 
 307.259 
 307.328 
 307.161 
 307.102 
 307.414 
 307.541 
 306.95 
 306.892 
 307.138 
 307.538 
 307.882 
 307.683 
 307.626 
 307.415 
 307.339 
 306.874 
 307.616 
 307.19 
 307.357 
 307.873 
 307.743 
 307.026 
 307.45 
 307.502 
 307.612 
 307.147 
 307.006 
 306.429 
 307.711 
 307.142 
 307.451 
 307.691 
 307.368 
 307.48 
 307.732 
 307.461 
 307.157 
 307.569 
 307.611 
 307.42 
 307.673 
 307.657 
 307.477 
 307.198 
 307.891 
 307.401 
 307.356 
 307.352 
 307.31 
 307.016 
 307.131 
 307.529 
 307.136 
 307.739 
 307.522 
 307.739 
 307.991 
 307.61 
 307.891 
 307.809 
 307.562 
 307.453 
 307.598 
 307.711 
 307.838 
 307.32 
 307.347 
 307.423 
 307.858 
 307.225 
 307.19 
 307.5 
 307.154 
 307.747 
 306.756 
 307.834 
 306.987 
 307.252 
 307.157 
 307.417 
 307.616 
 308.316 
 307.619 
 307.609 
 307.351 
 307.521 
 307.136 
 307.381 
 307.228 
 307.821 
 307.574 
 307.706 
 307.276 
 306.85 
 307.236 
 307.788 
 307.497 
 307.34 
 307.404 
 307.602 
 307.333 
 307.273 
 307.326 
 307.131 
 307.71 
 307.948 
 307.484 
 307.629 
 307.172 
 307.281 
 307.529 
 307.488 
 307.646 
 306.937 
 307.34 
 307.313 
 307.441 
 307.148 
 306.823 
 306.984 
 307.388 
 307.175 
 307.549 
 307.722 
 307.57 
 307.343 
 307.364 
 307.612 
 307.275 
 307.748 
 306.979 
 307.546 
 307.631 
 307.318 
 307.401 
 307.391 
 307.285 
 306.785 
 307.059 
 307.089 
 307.595 
 307.559 
 307.891 
 307.546 
 307.468 
 307.113 
 306.744 
 299.46 
 287.039 
 252.554 
 224.721 
 203.45 
